0.88888,1.5188705431622262,1.8559265759550847,1.4384849748240296,1.2343268804778964,1.7004683146473623,1.4671293465545356,1.5064533115360201,1.4110318021639843,1.2087736769191286,1.3789029731324531,1.468368187840376,2.06394202331988,1.2474565259639472,1.2683481258949707,1.1413488075301867,1.2660361449730928,1.5790422909330015,1.706526725177741,1.428024597853551,1.3575300377498036,1.4900974789822994,1.398840522356836,1.4527969516409267,1.3663084897797477,1.407809721448737,1.309314438917873,1.1767724643318491,1.5949150129929304,1.2378908018388999,1.3029584841043402
0.88888,1.3569079300422289,1.7283190900360126,1.458045486224558,1.2312789317514348,1.3991802671445919,1.507001786250582,1.2508556345939754,1.2543604530084458,1.3904309846189795,1.0348835854172456,1.062459857864192,1.3071064842625952,1.5182596570534477,1.5030995848210846,1.2764045036847367,1.4531554867542513,1.5031052251928916,1.6750385138126958,1.7212132448828905,1.302805668166656,1.584000705796891,1.4942311354908886,1.712481442976682,1.3124899244940664,1.221391265583827,1.4458791209558908,1.4773116072072512,1.7054657871862573,1.5591899912860079,1.2559866442673793
0.88888,1.718568886483811,1.2279139624977868,1.9112288143627325,1.3254122981098764,1.2801770912094206,1.0959999211507114,1.554769188173094,1.6685983224226317,1.1510780310666626,1.2539395011270633,1.4546985809087025,1.623164119742954,1.4141088104361588,1.5654642424183178,1.607122436953571,1.3146004767142176,1.344192867861886,1.499553596049798,1.2988548954418688,1.361668210136832,1.5822461108208965,1.4371667702694606,1.653474412131631,1.3535888981516586,1.021279616833536,1.0500913395037161,1.2412448189934029,1.1037790229977307,1.3775244755175746,1.1698007209362995
0.88888,1.0128405956018882,1.7282560315017075,1.5801197344883373,1.9939648161102217,1.53569029148497,1.4612313181881673,1.9440422326358335,1.2912516231579152,1.3668550430847666,1.288810907295048,1.1729369948321686,1.1077326170993937,1.2387485990408258,1.4825218249769003,1.2911143032580492,1.6213814383345377,1.5581819109204065,1.4366966779772752,1.582137120838492,1.2236486207607957,2.028091007857004,1.529328034358898,1.263783176016681,1.4918980122416563,1.44751893356788,1.6783282373697646,1.7899310233560224,1.4054346636958308,1.3206881679648377,1.7684460956405934
0.88888,1.2062034877078815,1.2232993674748158,1.6065909166540664,1.4404231492414694,1.1214244532062927,1.413280057599964,1.1613512029209392,1.8029545805319231,1.3566556081666192,1.3939333370975853,1.646073739489488,1.4644331198736387,1.355481442429723,1.1135330053044319,1.399793220433111,1.1826215710013726,1.4200006388166537,1.4470840927299078,1.4152255594928334,1.378713856592055,1.4429403540979673,1.5942019010062713,1.208053009321098,1.4612662825021983,1.4887623573782482,1.3368168759251822,1.5502976783945805,1.3091901734532079,1.384529820034655,1.3907321043335368
0.88888,1.5189922634144768,0.9500198231406092,1.5071548726978052,1.4916005186785481,1.1647109495502466,1.441259753326793,1.4849390546865278,1.4160753353866917,1.1217824178720164,1.315630412454502,1.483331754383356,1.4808139096830153,1.4812623283933157,1.0967101247914883,1.3865476767424085,1.4298659136919307,1.4338743164555934,1.1761658722746557,1.325581045817616,1.515417857816195,1.378371063186728,1.2262314525207407,1.1474521483697202,1.3245137515168908,1.180650539139075,1.4161287742583288,1.857867614372562,1.1876614813655635,1.0498361286121574,1.485034650960525
0.88888,1.3066459403330937,1.1725813381976358,1.4271992224977974,1.6507345751902192,1.7253576194279616,1.5041243854015964,1.170509391482555,1.9650308492860666,1.495461564041976,1.173728045619593,1.66743220585785,1.9151970937960727,1.8477185675517325,1.291541061087038,1.7325823907669358,1.7215408073430816,1.345924708357894,1.3337798895046749,1.337795619711178,1.2718884398977395,1.5767906309153505,2.1884996939123993,1.497406760658279,1.6441694874807204,1.6306574988791722,1.2132907693214166,1.3877545250427699,1.2334159550541484,0.9843565868749107,1.2379324378721566
0.88888,1.742750806615508,1.124679198752637,0.9580207857921061,1.2839730992186298,1.8900500398330797,1.539190348262695,1.3523339090255793,1.418705498026528,1.539043052116469,1.2400810013703867,1.4731724634822647,1.7434421675164455,1.5735899364036543,1.1850917676529644,1.2724477950302526,1.5027553451094804,1.7237850456620887,1.3029641235839389,1.248927304723779,1.5143289437815788,1.0610788846175971,1.1740786779731778,1.6514252662504694,1.9848388976816924,1.482895771360446,1.5978754960035726,1.7438628496275166,1.5767628184954978,1.6540547103070367,1.3949716299743982
0.88888,1.4965339491486616,1.5239116024845205,1.425714489003111,1.5943172017403477,0.9768624601522553,1.841635276794693,1.3300444191424239,1.4623823997630838,1.2478688868745782,1.3113963731826062,1.5533622528439623,1.1253722790720482,1.3582537659914613,1.9531254924540156,1.7475071475700865,1.5115652734440201,1.7462042193016467,1.740271466721084,1.3179575894118487,1.5459151039447974,1.710633934488652,1.4359166222470925,1.6611333645827355,1.3777856100774235,1.5437309753368011,1.3557651238050792,1.6111142965249028,1.0531641889035817,1.2492813538173297,1.5911534588157448
0.88888,1.3249052722616281,1.3854787590885664,1.149323262105525,1.9427918251209473,1.6958645934115604,1.7458166136176803,1.6168546489821534,1.4595794082490727,1.7059929918972452,1.3464465395488892,1.5753163252389843,1.4289932121587048,1.4106549353467457,1.427378935842156,1.368537629745931,1.669935447757107,2.242832323438683,1.7661828035503575,1.7412088145399562,1.285886160502374,1.3624091073252307,1.7643762836918688,1.4174137352159053,1.2948714646456152,1.2931828720922243,1.3411995147560263,1.3685250001996245,1.3191136155896355,1.133852910280138,1.388701331369528
0.88888,1.4476551521434453,1.6391278337041109,1.1836722716176666,1.1994139072665564,1.4123775768957507,1.3705332116983517,1.2939786281463455,1.5102695986962307,1.392094684653297,1.243305276946808,1.182968572409912,1.2122303862866968,1.4408210758254016,1.1796784576981225,1.788237604581297,1.342834458160731,1.4425185403288958,1.2308994675942269,1.1445385676931588,1.3989588630698873,1.9427644343043584,1.5610540277924072,1.5976914224212102,1.8280074123905323,1.7951784889517175,1.3494341066779678,1.5209634987250205,0.97033007837011,1.0865752325906868,1.0188543457720889
0.88888,1.47083822136938,1.2767155499905931,1.0906530189727006,1.406832374301298,1.4569344162903732,1.2282991194850013,1.615234301150113,1.3081715381536632,1.5010183365623333,1.5097925640432353,1.0721866843975956,1.5668743727690937,1.4834478975004037,1.7781576352541346,1.5318086662041361,1.5409821849895657,1.4871938212104487,1.4742546230033104,1.3696716028427944,1.4429228779938692,1.7348544697235713,1.344659395412636,1.7431368514954384,1.4703435542191474,1.5397635112484147,1.2830456748057133,1.0523716498713642,1.2523460127252855,1.2488108837789107,1.0925872425535106
0.88888,1.427800504813845,1.4669763004013017,1.2890161190017562,1.384821651080123,1.102905182478241,1.2316982260426745,1.4874387529568733,1.274309767602735,1.2273418606501858,1.2904153199139596,1.3766476271975132,1.5759947649727448,1.581453846821696,1.4130282965502472,1.5774605674392876,1.285783424267235,1.4713394427033115,1.7822811973462847,1.9132596970882505,1.4338176480970906,1.5270707098492025,1.086467471525741,1.436139721075287,1.2044098506886818,1.364918230296173,2.2863183865270926,1.2335835964984367,1.4352021357173637,0.9542259599295523,1.4902322644759718
0.88888,0.955083884667454,1.1771446725177674,1.4057248187558233,1.2239607635333936,1.4951135190647873,1.31993382561082,1.446386895599372,1.7059021294078258,1.7666325834193384,1.4723902647310438,1.0315740273066298,1.2137462134127963,1.199117424124153,1.6693147214765507,1.6422688448785518,2.0148226774444775,1.5737339575140887,1.1447844683473136,1.3077968711706416,1.3086619084625941,1.3162818324264625,0.9473956296700174,1.6465802972843249,1.721116348681828,2.0322335193484307,1.4579094321461543,1.1702428012014752,1.1598487586658095,1.3657455500527313,1.6378293950413225
0.88888,1.2838963851687062,1.1190754841315882,1.1544162769036304,1.1766043144165497,1.6243345215068714,1.4081087065517601,1.623508740361334,1.528205455192808,1.912156746240136,1.5125779782043047,1.3747825801206202,1.5532108495504566,1.4742583280145303,1.594752895485524,1.754382278860272,1.8611656482942491,1.2854209578748717,1.180601566969644,1.1404370804482056,1.731561749479539,1.555050890234608,1.3171380949464346,1.0196140467345287,1.596844956092044,1.9331656939639985,1.4988181753220837,1.2092148178667657,1.3576561544571524,1.2113441893302381,1.4109494514221652
0.88888,1.8436987755836647,1.3575422272082103,1.3537065727399897,1.3107888729992092,1.2689515442779107,1.499331443630119,1.4248960231864185,1.4818717066457388,1.3743123075380932,1.2794783264324732,1.3595806050888255,1.071124007195589,1.3207681967809612,1.3180811772372005,1.1935484053709584,1.559963032500159,1.6735009664637395,1.8857728837718999,1.6641932629749443,1.4457695071063617,1.771100706878997,1.7249627452200422,1.4807096451295723,1.3205459160553967,1.4771447312412413,1.1329079928452765,1.2664862203462643,1.2574038729190382,1.0287852786261937,1.4815227915376386
0.88888,1.18702340250898,1.7424580876664382,1.4562895689164428,1.4745742692033936,0.9182740895223392,1.189421924648215,2.0735720683816514,1.5475292981423927,1.3473420493856512,1.2457679690180794,1.6210632254464437,1.5716639887529873,1.7140159183172026,1.4560702450753453,1.5378143275665288,1.482762313123157,1.3532340539534926,1.5934299184076097,1.2421153862523129,1.2184295085601469,1.163491825483881,1.1946734194949085,1.2541391175401082,1.315478447044808,1.3649721604885627,1.2456097820067815,1.4410648925032807,1.5517839701379939,1.4185385960902785,1.3696893622626765
0.88888,1.3495555555204217,1.2067403130965733,1.3838208049120087,1.438036809793443,1.1231807209412086,1.2574929208772063,1.2789135075777718,1.8482793272873006,1.4781216850452779,1.5484895974321609,1.4015044670793613,1.1905559126074365,1.4681578412525007,1.5333101534132318,1.4552051562435309,1.3327945547717028,1.3307519763707247,1.7229019566639419,1.4925659113590213,1.5372824714848146,1.6592426164889162,1.7200451322898773,1.6111035346058062,1.2762208727041102,1.4514756497333217,1.6656427926618889,1.628735822772253,1.4542300658483105,1.5720257097452475,1.4510678292200252
0.88888,1.5564057202641444,1.5345630280720368,1.2285646301490203,1.0983998260256045,1.2366435549616546,1.5690925750763274,1.3225774432070676,2.103503103942366,1.38815647932363,2.1882877995297627,1.9075036722217034,1.9109756360243129,1.271135643345705,1.5713413255592812,1.604407514611116,1.8954558210981167,1.4736862849914192,1.2136093003600077,1.178723709511137,1.2859336038509104,1.073047499193865,1.3432090950954176,1.4069014926641668,1.2934531271327867,1.5242110278776626,1.2096465160976857,1.4314952207397031,1.170440475882728,1.2720635178037174,1.218870922847072
0.88888,1.3082905216156826,1.1022063869884702,1.662661064119553,1.283527470438973,0.9573467113489975,1.601562515763039,1.65590609783984,1.5334456461572965,1.1441715916470185,1.4674522901276752,1.4541270137556825,1.7328614113493286,1.187650255024863,1.2291576702802283,1.4704586076570334,1.259457716460916,1.3195536253766373,1.5850394372648047,1.2137652183097538,1.2200506326929532,1.0415444135413945,1.4742631843481842,1.2098429477276593,1.3575588640881908,1.4469633598566942,1.813681610239531,1.319001794969321,1.498823818635479,1.2098336186160614,1.2415512354028322
0.88888,1.3111957184134644,1.545340507145994,1.7009299381576823,1.2086088608033982,1.1481183006281908,1.202675074205565,1.1904738265654449,1.0689365527153323,1.5029647722786565,1.6229914686893834,1.3348433990312394,1.5453761575914258,1.2316882040897932,1.2041877105819714,1.2500424305728872,1.1252914552869915,1.2080653663579517,1.819641457590761,1.7161233534075013,1.6894693527813147,1.1709112700731363,1.4168812793979422,1.357196817685446,1.5940156298503079,1.4480684883987753,1.6212033051621317,1.5001013738755755,1.7316343002552275,1.336733529966506,1.45898183423827
0.88888,1.5386495843816157,1.3956996463924238,1.6574067228893585,1.9118903619667122,1.3392008787451,1.5380944903556422,1.3741486465702484,1.3807516544460954,1.5065051464727521,1.5583649111383304,1.683756517596105,1.3102573503240835,1.361263151262688,1.5809228142628293,1.292325674202958,1.228289659109925,1.4677554816740173,1.5871473402346048,1.3479112593933111,1.3459512455088933,1.1686980611445545,1.0974116715257574,1.308173913851583,1.5814621427373017,1.2249906852149215,1.45286199721569,1.4153194378659923,1.198394799010322,1.3327555954034989,1.1512665853874366
0.88888,1.4180642169795652,1.513791607427736,1.2247009601339276,1.5561838473974436,1.3942670491978537,1.3240398724380744,1.6112903138195753,1.2757040581042272,1.6264030747844211,1.7984046323622418,1.6777339688733823,1.412304456808243,1.5115674411339333,1.7563367929987963,1.403779351580182,1.3694860184567736,1.568918640323281,1.5128232960019463,1.3049870746539767,1.225940997094056,1.2108666056152042,1.3948915055196698,1.3828176180243048,1.1297437408733597,1.499700123610669,1.6903485881601812,1.4688247332413058,1.4287799928365574,1.1287181478276158,1.2477824222199716
0.88888,1.5780797923833512,1.70246082115792,1.9079702907707334,1.485044261096221,1.4089549112604443,1.6013345462091046,1.150726731966739,1.3114394794214959,1.1679324470148915,1.4390526115660465,1.4607665212762977,1.524611960142868,1.2971026851035845,1.344317570805327,1.4163972011086894,1.4055973303835996,1.8084457709058752,1.29530063826257,1.392888724567073,1.3099336467360596,1.1984578429872836,1.1822813252356084,1.9594280231960297,1.4998231485070441,1.4708644419059964,1.6994209048154505,1.2862564411916848,1.3447252954882238,0.9831208667581306,1.0073337099858797
0.88888,1.540787736089811,1.7111464086507258,1.410081317398705,1.4189225552216014,1.2850405493253019,1.4268002718660082,1.447213172051564,1.3061546519998206,1.4538620511682459,1.26113462443647,1.5949565158743275,1.5644072208717634,1.391777181859981,1.119181365728689,1.4434914308852085,1.7541851633453336,1.810571631816125,1.509725122771515,1.3984045977118351,1.4945381802105604,1.8431687571271855,1.7891751227673613,1.3804780876236522,2.0524385546282167,1.4545213236504178,1.4074907280813769,1.3528797154179077,1.5676683934227362,1.304645687253203,1.5710676676176587
0.88888,1.293320447564912,1.434946956637808,1.5635178876271933,1.4654140195966854,1.177240590634998,1.3107745147904715,1.5577165589657442,1.170903200393932,1.314947750532724,1.1640417605887623,1.0106574638549781,1.231052282061097,1.534753073943213,1.297937304572747,1.226180923286981,1.1538078966997707,1.1344635437400596,1.39321850552969,1.413816171954675,1.1269551084952378,1.3747648740673157,1.0292339608759817,1.2407008757651588,1.4725176047599946,1.367207544764515,1.6195453685049863,1.6341478611868732,1.1937613905983506,1.7382196605000513,1.39651615323559
0.88888,1.3180647744740612,1.221226988402943,1.210521131931197,1.1512351179344056,1.1860928647606264,1.3946536908051699,1.2392252014188396,1.253209895538736,1.2791606417823225,1.6552548904823452,1.1243346063362498,1.0557898452614802,1.5446302321985517,1.3703294498544887,1.3769676903940682,1.5283746888993817,1.3184079184635151,1.5722396261966007,1.5169467660942595,1.3830188763817919,1.8052539039535558,1.5229672661250244,1.4368994247743079,1.2493912296534457,0.9085025279332538,1.9219484957809734,1.9917754300884707,1.4471204192331557,0.9244610766322979,1.1823065335614322
0.88888,1.407943117269462,1.4827766301400165,1.3607080213260394,1.6271494520905663,1.3623005964447243,1.2912256771684312,1.5343235975239151,1.3310325725953094,1.1110964491217128,1.4493254820423616,1.387015737744503,1.4094748810111213,1.6824301893694464,1.4368429119628157,1.2613585252424437,1.442251513455174,1.41482058873377,2.0199034208927373,1.3736072612775998,1.3462660229882304,1.4035168492721628,1.5820737171355292,1.3230734322545759,1.668785649193049,1.9143437326216113,1.6900919286597704,1.6495762531740412,0.9352610945695703,1.2458014875207049,1.207577119282724
0.0,0.904591180381272,0.6785883668301519,0.48820146994158586,0.5895927355248259,0.5527649506091088,0.7544628068280529,0.6344860284207401,0.6419965997037823,0.7758221622229644,0.6555444173017833,0.7040963019981011,0.6081229732145222,0.8145564477288619,0.7817600739737842,0.7067738780148105,0.7776486234084761,0.8197624560097696,1.0555451762634964,0.8483639428408841,0.8804027989740142,0.7254132107665318,0.7861868095738631,0.5445831628043707,0.5739572965602946,0.7792506384050462,0.913228740732907,0.700587805745411,0.8317319172817935,0.582160107444809,0.5724708288039668
0.0,0.7492783475162345,0.5328465796034856,0.6475897009758903,0.695990801448726,0.7566250866927742,0.5515625897567641,0.6071121539604932,0.5990100388392411,0.5942277918568079,0.6112830644438596,0.9120567965275703,1.0807261126934105,0.7139986041770422,0.7513710417896902,0.7546032064240593,0.6003882096126024,0.7039461968362772,0.8572172675153484,0.7121823816292717,0.7940680120212016,0.9009803854985826,0.8189804084083753,0.6246864035927336,0.9007726970812105,0.6147016615717108,0.7067638685381955,0.8867064636653811,0.4769739706908281,0.7854481254868915,0.821568905356669
0.0,0.5617526252304127,0.6099732692158257,0.5977166411625272,0.4654364759226342,0.5596404797048271,0.6397707510104024,0.6167935032333854,0.5942589659512066,0.732485552755408,0.5993963321870134,0.6943859005787677,0.8160725064270176,0.7244583896977478,0.8985041320386674,0.6753256750882491,0.6075970266783681,0.6559666982283318,0.6600516638820872,0.7630615790421804,0.6222517604628365,0.8195531079471305,0.4841027313941285,0.8191362206251547,0.8519941298634532,0.6576918033774951,0.6471604818715183,0.6970231753089482,0.7585452854189928,0.8442606355439449,0.5256988909518714
0.0,0.737338159778612,0.8389695576398353,0.609079494526014,0.6047183633411315,0.5435778311785829,0.6967580896901165,0.6426837712578041,0.5861671029426421,0.6111739025492942,0.79684645467625,0.7557667412811415,0.938803921689795,0.9136325031254628,0.7309460326156879,0.8231734626835628,0.5709660546245634,0.8345445756966375,0.8281583376426618,0.5898828049627352,0.718917349663263,0.6673533432719794,0.7812561846293719,0.5952181025384152,0.6837234731565378,0.7701420333537294,0.5752979997203519,1.1109661132242667,0.992683923889744,0.6832334049407904,0.5072447295417545
0.0,0.6243135721114862,0.7132674278706028,0.5682856320668819,0.5120518906034364,0.7206816482367904,0.5601416010917215,0.4685289424607525,0.579443476188183,0.7508078748432865,0.48869930236937,0.5738409575571476,0.5820903704075745,0.6563176995228415,0.7036614426251222,0.6968927361845366,0.6139020988839609,0.606931234233772,0.8457416321587928,0.6327744653115074,0.5612075546094173,0.6226989278385509,0.8076584270640468,0.6417913540008829,0.4812425384715678,0.3908928646866288,0.6153139871296864,0.6970323249617238,0.8966473805677392,0.8196364906516939,0.655139458075519
0.0,0.6441286440633341,0.5697559365919376,0.7103181496459985,0.7192725171145906,0.8134638715584773,0.6169095809255098,0.7653062637977859,0.7235802535721785,0.6775120086446114,0.5344164730183781,0.878088693981369,0.8487597497087989,0.786544124793007,0.8722444587905998,0.6581121486038122,0.5627451832287049,0.7429262758289883,0.6299921623399215,0.5518565540065211,0.7549433110076144,0.5854836090646969,0.7899733270148339,0.8194451561559974,0.6675535440061517,0.6902901580318218,0.7404378021716932,0.6571878123826512,0.6627041897456092,0.624317030910829,0.5563178918458761
0.0,0.6972540815828678,0.6366292248865414,0.5242081812942032,0.6915190672258889,0.7323080453811538,0.7150306467681483,0.8353856175572055,0.7354176190875086,0.5561374716492918,0.6859957064663315,0.6911140389391455,0.6301129661896254,0.600395033449597,0.6335643825980006,0.8278130034161952,0.619061980453681,0.6896462491198866,0.6453197253571651,0.6053290853057168,0.6013459144021329,0.6129595126585392,0.5948835699654348,0.544830044078508,0.9484902625677961,1.095002955889469,1.0999628167384312,0.6724235274136774,0.6490891867202391,0.6555310628505436,0.734512244564531
0.0,0.6483963737354799,0.6169475814419891,0.47350163974863774,0.8236123040057514,0.5846285368771081,0.6861256570896956,0.655160178085831,0.624339757531902,0.6086516522611025,0.5985342125541897,0.7322024760857418,0.7837224646021951,0.8095610853053616,0.8951211165830298,0.7453880986388461,0.8136936668889214,0.6770764537920604,0.7986217351491841,0.6739741689059126,0.5806136088502574,0.5874552043955278,0.6842008815991356,0.6059838519213809,0.6603273045764011,0.6122748915129924,0.7014366869478731,0.8075921058247564,0.690813485718359,0.6820426577791687,0.8838747866090781
0.0,0.8255455994041835,0.8126039789251307,0.7099807353763342,0.9066651872782308,0.7811501677148619,0.6842409580797635,0.7127207939962841,0.8268788205094005,0.7522465190716824,0.6789199999198073,0.7782980905445785,0.7875954181270952,0.5506276188782634,0.7138672581152183,0.5879498783322146,0.6609920096280458,0.687430471538176,0.6052470738404335,0.6901274220748123,0.5785266742214463,0.4304746314580197,0.6219857654368207,0.7843789083223132,0.6418074779613889,0.6129379404710228,0.6026199345545528,0.6505164861862581,0.5949271569208415,0.560060610538229,0.6922391284047981
0.0,0.6333591561757943,0.6864980965764148,0.4537153519578764,0.6169086598566856,0.745165288400104,0.7502608460034151,0.87369328618907,0.959128504363037,0.5933669491214942,0.5352244944206139,0.5105900404836653,0.574131180875346,0.665946405181716,0.6018411583849649,0.712801002362386,0.4876249648919952,0.5803808346681814,0.5263259532783957,0.519471355873464,0.5325738778680925,0.609858271911242,0.6388594475900949,0.4741648128845335,0.6992442136481677,0.8152223781985011,0.6119639282398346,0.4824621092845403,0.6954819201309915,0.5194121589259418,0.6482382659041457
0.0,0.7430688554026488,0.6632769730887349,0.8281331283775479,0.7814854850900065,0.8039182998944645,0.6871694725848747,0.6106933729741494,0.6527357123055756,0.6852126491192962,0.8139234784039505,0.7942314500178227,0.7173069257327055,0.7524112432981288,0.6471408513008559,0.9117404047665046,1.0885531029473887,0.958993912886919,0.8867489618045268,0.5374845406102128,0.7010676715975926,0.6948477599925136,0.5896172725631135,0.6220415724881987,0.6846106427355222,0.6452662800217652,0.6762522718428853,0.6927788226640408,0.7229480319831326,0.5221656882959836,0.775713739364696
0.0,0.674966247713318,0.7331682350148818,0.6574980381207618,0.5724320679186171,0.6247759073483885,0.7087627576038275,0.7309118695359558,0.8461278495493058,1.0369501578954996,0.8574369349311294,0.6123584913584706,0.694109585436249,0.5121624283969385,0.5027112622598396,0.6378919862115131,0.5700466054364309,0.8160615137118001,0.6943461064747958,0.6691226358768572,0.8247755716401588,0.8609930827176757,0.6030474417196491,0.6665718274312209,0.7484969954989977,0.6844080301085779,0.7052058224503372,0.7157259294018328,0.7462348990135045,0.6996380297320542,0.730914170173087
0.0,0.6089161396255461,0.7743388527821893,0.8043349398420359,0.6741336426309567,0.7765381365616764,0.7247505778821819,0.6913712970325756,0.6099115747982212,0.8081844225591229,0.9405059671735791,0.794122386730029,0.6323472442420504,0.8221651744260747,0.6988271958620599,0.572269257909658,0.6010767316168523,0.6070194710597957,0.8799176113267192,0.7138603949764047,0.538859658743749,0.5605113570010507,0.6884676923075126,0.7385863508023373,0.7275310213690844,0.7073999949970551,0.6618561825531363,0.7431042788757128,0.6372797157953654,0.7905994552747889,0.8210225591530801
0.0,0.49892542837306364,0.5922133383822906,0.6783563740302848,0.5948090230318619,0.6139911690114039,0.6956075600494809,0.6831110620727554,0.7173873747728612,0.619038969390812,0.578961987013234,0.7522577449963826,0.6457236635136678,0.6839956945943757,0.9214459505690068,0.628316233390405,0.7110824259129724,0.6077740369695119,0.756929995757488,0.8130159914411751,0.8139597608736793,0.8484039285560186,0.6770833877829167,0.6120795797041779,0.5722994952148761,0.8097444221639496,0.5887369731626255,0.7574213775048971,0.8683391040316506,0.6199325051720372,0.6724340740130064
0.0,0.7494026345838222,0.45736475028133083,0.7300135984174327,0.5901329178796203,0.41365379282176423,0.6451235449901314,0.6920724529891066,0.6798867414716921,0.8833807277287147,0.6954029548219928,0.7546456493016931,0.7939866426063078,0.7975111363312228,0.6981338365650263,0.6136268384321764,0.391660596780682,0.5505384066199819,0.7899115315895564,0.5507895362042845,0.5525487957514473,0.8179201930475617,0.7208409559863048,0.6674954815169122,0.5734590871612648,0.685931941125364,0.684736479527861,0.7655448749470088,0.5841790992444803,0.5967202694051436,0.722486346231708
0.0,0.6353938839667925,0.7834223164821476,0.9623767988272021,0.96325591365319,0.7000845208280028,0.9535144184567517,0.822485285496468,0.8462220728245432,0.7335762199353527,0.7003514642977012,0.5925531443171678,0.4898263199729976,0.5733814398656032,0.60851241211128,0.6270851860432467,0.7843468514740812,0.6890724230845864,0.5811143904742674,0.5313951094751538,0.5381805247127586,0.6506636645816796,0.8415941493067862,0.740758942033,0.662239954773522,0.6539807902389756,0.63204107344867,0.816343295571188,0.8912385420376204,0.6513302235981766,0.7532008797914943
0.0,0.7420122037805766,0.6100213854702554,0.6943557576959869,0.6301316063161918,0.7313614924340033,0.6617288579376848,0.6551571902362504,0.7407879683726097,0.8651888190080869,0.7342059210376782,0.9080840117181166,0.6545977100225515,0.9358650179677825,0.9312050136881351,0.6129921581286172,0.7536873665732232,0.6334390276838829,0.5493955398270107,0.5360818377871668,0.8699153052724563,0.832025505473351,0.7602288188280624,0.768393758023103,0.6445977422264543,0.5916200992428686,0.6489412247001128,0.7672831753078337,0.7689485997821651,0.7552611010374954,0.6940744206821688
0.0,0.6722770559146802,0.7962493478067145,0.6606152842052452,0.5601059047432806,0.6745874811314684,0.665047737222675,0.465215805129297,0.644733813464814,0.5168119233667834,0.7990492243771699,0.6655556360836696,0.611951233346856,0.7763288292005891,0.7662879360832443,0.8726189360688821,0.6295462293607232,0.6834227855985558,0.668760100636146,0.8130043011669635,0.5805426216495605,0.5370495242126007,0.6416264939536532,0.8125716556459227,0.8579948814577483,0.7396895113171642,0.664028109838714,0.5520316752186777,0.7060502256914503,0.7136531179421503,0.7411440108046208
0.0,0.7806024369122776,0.6442385953180693,0.6285172390722488,0.6873918936654773,0.5189084523064562,0.6278975026186663,0.8707647188868718,0.6019398708928585,0.7292085242544891,0.7899428067580568,0.6126584343295565,0.6081783805441767,0.666911738661389,0.6089583562935873,0.7940721799837759,0.6940596540036218,0.6070843403735585,0.591431044767466,0.47363381336364196,0.7414469597170105,0.6583692925834771,0.5990749571684268,0.5316434570765832,0.6064971883044483,0.9324236761479993,0.8372811363404227,0.8201625870755594,0.7703287465403084,0.6938570463660402,0.5716152404753173
0.0,0.8238518158039864,0.7481677613072241,0.6298880843887041,0.5528008436907758,0.6654959635092059,0.7456380824921591,0.6900403590499451,0.7295681734333652,0.8981624247462997,0.729410174874645,0.548142893320575,0.650758762322804,0.6317627179559018,0.6542369163938265,0.6432589677181357,0.5944974497196619,0.8708005974102102,0.9262927328593601,0.5705164645042721,0.6800699753752026,0.6235636572210709,0.5909039404332341,0.7034512502172947,0.6066342641932702,0.522983741356893,0.5571773859895917,0.689279434904281,0.5998984304169427,0.5825063668534687,0.4737497308505307
0.0,0.6167156680355662,0.6391357142962333,0.5778139810971398,0.872621727826925,0.6834991185457383,0.5371619375616574,0.6102035482827998,0.6073408021190746,0.6377182498670225,0.8075676256171523,0.6917731069215595,0.58252035053426,0.6303395920739464,0.8894793851600371,0.7117734044722229,0.7182108661403305,0.6232869722407959,0.6857816067409119,0.6555332109299156,0.6327437003406775,0.7830070130867237,0.6714600553298575,0.7333161616332022,0.62173473371165,0.7951342316455728,0.6027158726694899,0.729537145727321,0.6494184059545014,0.7452257793453603,0.617974655870555
0.0,0.900998982496557,0.5368451985868894,0.532015807759376,0.6187692966303859,0.6707888783248236,0.7768758859746101,0.7506196186304772,0.7532404119014857,0.7038304800150365,0.7869354800411426,0.6666420326852175,0.6972416428963136,0.7950530207902149,0.599938293887539,0.4812411795056482,0.615562179522732,0.8435975169191045,1.1990194845615425,0.7537605359126212,0.8396880234032353,0.6674794354804073,0.6508987395348454,0.6430777984571151,0.6166559056447016,0.7437450648443443,0.6212549750624117,0.5336231653014007,0.7339174376092541,0.6707028237414352,0.5098780585148683
0.0,0.7147246636819798,0.6084399264990925,0.67435350470254,0.6935447826544602,0.6126899386908052,0.742955936224006,0.600191665530846,0.7182269136218306,0.7634441299129658,0.5468033416858856,0.5830168973271835,0.5955363853317468,0.6927045844995742,0.621963837281971,0.7171083943988368,0.8369988452261613,0.6370523656869217,0.6630114501668318,0.6357534539142422,0.8320556204386093,0.6064992534758947,0.5706219043657124,0.6040663564703806,0.6654777627251497,0.8412384546732373,0.6689234145614228,0.8498059534118102,0.6096602580600018,0.8488866695889093,0.8593691819168346
0.0,0.556053547620019,0.7498393855367943,0.753312969948065,0.6242855968312814,0.6221814467561829,0.8912616083099484,0.5993822835752955,0.5968159384494628,0.8573084515198907,0.6186768830155613,0.7067183804479523,0.9950758333203996,0.8312029254752931,0.7131072502721238,0.5113854530322528,0.6560349486078098,0.7656484797300475,0.8925398432221987,0.7835637352454828,0.5683111497075987,0.6126594875285447,0.869464242659818,0.6781286764069022,0.6631123867665942,0.6060703724169437,0.5924915510976517,0.6195334441812094,0.5773910596483447,0.7497561479093395,0.7938921200698744
0.0,0.6360601415828101,0.48427370721935836,0.642204518405787,0.6285578390929197,0.688642188156667,0.8844349452783358,0.6502297340040074,0.5567128297135527,0.7603258532814584,0.6773520805334335,0.6725934651759823,0.6389127584373908,0.730574712498407,0.49709647145764635,0.61110510428053,0.6644287233872542,0.7086980630791262,0.6142401903117137,0.8545713749653182,0.6430021404601308,0.5967333655311211,0.6585473655434025,0.706357601199328,0.567246869911126,0.7152741262213762,0.6597288395559288,0.5870200307490822,0.48322159951141425,0.8162570759005376,0.6036858664999014
0.0,0.8599580114071482,0.6020269115850381,0.6987736730920763,0.6418259941293883,0.6379092545590839,0.6677659862963029,0.7295984322023139,0.6657353108128367,0.8258618779251092,0.4882479603242183,0.7683450781791156,0.7883608594865105,0.8654354361952753,0.6826295590862446,0.6220294156225816,0.512916368986094,0.8513202752191693,0.7576545954374632,0.8114233120854373,0.7568423410420524,0.8519038041283313,0.7194840904730353,0.5744654220555259,0.5768072227780208,0.561988412105966,0.6825903695817357,0.6667006713452402,0.5628401907420563,0.5926739602367583,0.8481664596446948
0.0,0.7447359463777542,0.9237798634790171,0.6184780847685661,0.649808001437351,0.7070186683157574,0.5505560732809253,0.5938704065395072,0.7683730727943568,0.6431662005194972,1.0870201723216948,0.8146008450758387,0.607175543860839,0.7334164062705917,0.714095407925496,0.7067017615109851,0.7804939734307405,0.6772128876712408,0.5971527165108561,0.9012597133321143,0.7273578641155916,0.7564629391271726,0.7332250763696077,0.6615336926306027,0.6202485724039722,0.6142459481378116,0.6361074621793757,0.6965435569090499,0.7591395844356018,0.7718927655461784,0.6775602704108582
0.0,0.637461574130202,0.6804248422409542,0.557063139838048,0.796439435520541,0.7191684094845787,0.7723225953472006,0.6406068888458971,0.7617856619652768,0.7028437348374242,0.7800212354854612,0.7797563768660546,0.590867491389575,0.6129804732577211,0.8609166793904264,0.6778023794136998,0.7570403965215593,0.4816939125755416,0.7637104091787621,0.8082878927205355,0.6103972204347388,0.5849293181761299,0.6475437322016488,0.5738647580899436,0.6327367142618172,0.6927170520500562,0.7526198251957685,0.6229551392368107,0.6286987874580998,0.7839193858584664,0.6783759611487311
0.22222,0.8032964392061931,0.6778157277623921,0.9692186761202998,0.7903714356800791,0.9012559324838039,1.071211495469639,0.9082801193591887,0.8852224352411766,0.8559871390141685,0.6890964894293884,0.8465749462300804,0.7453689172566813,0.8909798964975834,0.8567404268282686,0.9876173766103101,0.7121245246707666,0.7300876942154104,0.7695473650641771,0.8720229379910901,0.7039743225132584,1.0938295810445882,0.780621662954114,0.8310813140545021,0.6788666485485767,0.7073078814522457,0.8185220577095278,0.8011129308471443,0.7390263347592256,0.912237898262447,1.0295504871934478
0.22222,0.6680383202257884,0.6387525362595683,0.9007827584908945,0.7201715351988447,0.7956058116001415,0.8311952023172159,0.7529994734388268,0.6697061838508813,0.8327980563668529,0.8273937591999824,0.6179937087887383,0.687657646768565,0.9218019322072841,0.6243004169266917,0.8644267279215896,0.957185187593607,0.9497596923420852,1.1181437643794567,0.9171070109051457,0.8697313950731411,0.8273414011938292,0.9962984254543321,0.8949722189519062,0.9238138073448008,0.5706586352071421,0.9088319678102706,0.9690460496050816,0.6986289941253023,0.8077368649734301,0.825510806540783
0.22222,0.9321459708263493,0.8897770828548747,0.9323125432614523,0.9055518939459705,0.9123988635273864,0.9374585714974676,0.7059667025275395,0.7555438631468023,0.822504433531259,0.7653363826835814,0.7190806316640582,0.7917117509437758,0.781465148532824,0.8959325463212557,1.1481217235075618,1.0046107644408009,0.8200309827184921,0.873862378731047,1.0785573828985293,0.9401020903463417,0.9605110020469149,0.7824710273757195,0.834637686430936,0.7237587874641236,0.8679128568724015,0.7346193048689993,0.8109908399768287,0.8821976622516929,0.9354761329211518,0.8240401610896888
0.22222,0.8700300339091573,0.8072340053309428,0.6649807011374089,0.6255733415399203,0.6481703082770313,0.9952740391878355,1.0376157682160616,0.9892112986977579,0.9607079589737362,0.9792551489704843,0.9615435159956768,0.9205101877988391,0.8750818426523841,0.8674851277467995,0.9182731272880755,0.9630915028891799,0.8374926875977293,0.7175406088561225,0.6491797111139794,0.6556323521841281,0.650024583672216,0.752176009358324,0.7313134344616203,1.060502248240236,0.7681400774814199,0.9214936346272569,0.8571902395268556,0.9487717637276272,0.9621396821946944,1.0832577502676812
0.22222,0.6732011232561557,0.9913487370865182,0.954980378799941,0.7116272204891255,0.8068606272328734,0.8170262537784087,0.8383024337508781,0.7991326623692375,1.0173343491497775,0.8030090060399568,0.8064763396576596,0.8157097678830157,1.0092759730328902,1.084328069365362,0.9050276964644669,0.890943417680424,0.7868955551964295,0.9043765628423022,0.8961445449419345,0.7793224047694047,0.8454598697730434,1.1104171735145467,0.7319372372769932,0.7229255870691742,0.7015984292026031,0.6882613451832221,0.7076400524035106,0.8478024488017815,0.7316095511892186,0.8644946254018332
0.22222,0.8549892313779576,0.978177327323687,0.8452289171696175,0.9034912189440365,0.9035134580479346,0.9462942853170014,0.983136558142484,0.8335366519797706,0.7976423824433829,1.0491629176090824,0.7679358802759159,0.6322779852160152,0.6882573927566292,0.8037630339331518,0.8576894588066993,0.8273100155187044,1.034534027993382,0.8815862193121694,0.6161649102604524,1.224795504796677,1.0967243711299675,1.0289967822171153,0.8706634585547806,0.9133089653227553,0.8033162818244114,0.720710097897763,0.864375882613103,0.6532791269905094,0.6078831190823604,0.9077980766024331
0.22222,0.8727523814504634,0.8420941237663505,1.0505507482749028,0.8783659103549638,0.8935955150454866,0.8479887706615296,0.9516283939503564,0.7276170021630832,0.8762774217223551,0.9699224753510026,0.7696055228956432,0.8613860625407478,0.8663290403777293,0.876210867048134,0.9909672906003054,0.7953539664112841,0.7656146763928657,0.8344376677236149,0.755048325235119,0.6472463095579881,0.711036342419456,0.8655161850970416,0.8165683904434673,0.9618802685673241,0.7399286803075888,0.7754000321942184,1.089787974827428,1.0386869901160336,0.8428038208630158,0.7571497454252288
0.22222,0.7609146879948101,0.7425088612538436,0.8470816325423186,0.6041213396687277,0.6498518486966978,0.9869802396468489,0.7452973022920943,0.7983025827689691,0.9818568292525083,0.8176693534369494,0.7063280935049748,0.8691086905485645,0.8825086093338587,0.7072905407097136,0.9005562720929022,0.8330827718860339,0.9339409755548191,0.7576342432449242,1.0000202195802976,0.8262999037172856,0.7143706410201984,0.7850348982423485,0.6130888116401746,0.660192946409168,0.9596661832358269,0.9318576822360545,0.9345570339740772,0.9651435577373315,0.8494524322672738,0.792836743977917
0.22222,0.8647864843113143,0.9105820695095934,0.7889247535369708,0.8973441851489723,0.8340383469044611,0.597944808722996,1.1004269394575774,1.1133120033516737,0.9136864650501236,0.7550420699167232,0.7305215401012023,0.9140438991936352,0.7975260177770174,0.8674497226408133,0.7421658039152149,0.8008181752487643,0.8802895516219441,0.9780046398759309,0.8828124708440092,0.9752493116489684,0.6905727843943351,0.7776926551257217,0.9694148269425514,0.8325465874757794,1.0833220947940643,0.972712028175875,0.876283796506934,0.6331842935883728,0.833194628619835,0.7020310624233016
0.22222,0.9093973930125777,0.9050426990900565,0.9490555738912263,0.8113441379288182,0.6771883418979063,0.7288585202259191,0.6999728870458388,0.8884476299538452,0.7688245794768904,0.8890409569789389,0.8256216862079173,0.9535435431909424,0.8021273569581476,0.7617879066762439,0.8839429017590018,0.8211726657553006,0.7372933940019714,0.6513031335926623,1.0286800116092285,0.9475196911477495,0.8636350996622852,0.8668531151556214,0.8679134438270999,0.6553088356269565,1.0930274463992897,1.0468448746247416,0.9184371565833915,0.7986569368155869,1.0319945424222778,0.7440377444611662
0.22222,0.7005209148653414,0.7607716233861631,0.8323983946761128,0.5661798991163349,0.8940448419749453,1.052421078398158,0.7950924000738187,0.8430463585164056,0.7713115167218187,0.8164437527912127,0.7175538410221218,0.8294565658759896,1.0165402479742103,0.6220338454480833,0.8755699997506877,0.7108091124580744,0.6212198356102856,0.7508203077438814,0.7816352749540597,0.9458612863657718,1.1097000295474027,0.7585376271637236,0.8982807052154166,0.8417545637888039,0.7542549565668817,0.6815317642588921,0.6185414137850913,0.7515249867913368,0.8721322212214628,0.7941054434389595
0.22222,1.0269114853577181,0.7201353808245454,0.8697953142895194,0.6882295605148923,0.7829540797441461,0.8302077538480489,0.7784591765236971,0.6886870862441684,0.5581304233262845,0.8138737290689635,0.9519557313936367,0.9347560030180606,0.9972007022766501,0.809620648340741,1.1411268894794155,0.7143206383343583,0.6880121019107519,0.9993046616152403,0.9391286316950632,0.7922182968505124,0.5905364040227722,0.9298137958902823,0.637168169495367,0.8864320455222069,0.7144569745673928,0.7900026427091614,1.0233173184779918,0.848168123839824,0.6975804648213557,0.8134627535699585
0.22222,0.8464081687551618,0.6123196593632808,0.7077554596340679,1.0059229286815434,0.8884506180974465,0.9112694666981764,0.9712963868422015,0.8970115951733574,0.9722381214473642,0.8943363128600189,0.9183480363522588,0.8624095131212738,0.9265401838824658,1.001703394903764,0.8999990020443913,0.7669970554309558,0.8366184188106554,0.8708469748654108,0.7733302629585007,0.6635935495017942,0.7572425993840554,0.9960072906560005,0.6703597253656856,0.607418185300208,0.9788483866951312,0.872722503053937,0.9503649054903028,0.9137497942441567,0.9488713350287699,0.7864122356472594
0.22222,0.9631139772887032,0.9822918112430166,0.7143151628789334,0.720415401224439,0.728525189172182,1.1070474219561388,1.0548226544702588,0.8796770320956535,1.0739267118556128,1.1693602151917273,0.7034727081981882,0.7601566690945378,0.6735166346932882,0.9358469753822442,1.0219528187109093,0.9573429018865164,0.9255160525206623,1.1148579035214865,0.9192353087264646,1.1396032838863053,0.6903902097476057,0.9029056122154882,0.8685625795051608,0.8410263663306459,0.7301955604040652,0.8316536553622674,0.8555176874553382,0.6721236475147531,0.8268278818278666,0.6645475191502395
0.22222,0.8492292515206843,0.8947327080106247,0.888369161630322,0.8043831318800213,0.8577856347399794,0.6750455524862313,0.8574993893159298,0.8239501369820165,0.6796552345412162,0.9321921449113234,0.8059591091184088,1.0437065337394462,0.9658490552232206,0.8567043167473893,0.8161082336275723,0.7566378964954191,1.1888704858478591,0.8476692055981283,0.8516192481077811,0.6953942431938271,0.874780729902153,1.0038230174338019,0.866702459492651,0.9314060937017437,0.791857501345107,0.8522297279078532,0.8041801667365355,0.64270093722685,0.7068155502654344,0.7163009356691648
0.22222,0.7880146879798967,0.5663661375013735,0.8037667470074632,0.7843096151889836,0.9043696221095484,0.8304069132207124,0.9530275055603946,0.8828927357058534,0.7657321340140099,1.0818160839602688,0.838012579014869,0.7106026859870636,0.799620811548514,0.8083005705197432,0.7219198277650453,0.920190327597508,0.9789596548218372,0.8499625198912619,0.7123134764672012,0.7954442450174,0.7048669628046039,0.6655877861251386,0.7614859894402893,0.7538519457749697,0.753384641957634,0.9660116461395455,1.1667716070128207,0.7652538887988365,0.9518605814446582,0.8056803287325379
0.22222,0.910646125105832,0.9799786327842677,0.9561462672829028,0.7378120508750667,0.7164320199968314,0.903154049965481,0.7222716750135025,0.6149223752348625,1.0304295540035149,0.991094628315727,1.0721437013559085,0.8654952313184443,0.8096451969039549,0.8071634855027413,1.090434329434998,0.7090165155086844,0.7326658181549666,0.9175596517934078,0.9234870296489921,0.7996388477294987,0.9402343205114562,0.9309591254421424,0.9350993734374549,0.7024532167733277,1.0247063722022316,0.7967464831261031,0.7082116802909724,0.6601527624230358,0.872833701570796,0.9700034245500585
0.22222,1.020081195961848,0.7546353564099553,0.6570745673460422,0.4820657391654318,0.7369484630843003,0.7266162855950898,0.6143195135496733,0.8761476787319201,0.8949095618294607,0.806210373461941,0.7151014786144568,0.6533969299308547,0.7781640858124327,0.7601774445722044,0.715335848919272,0.7145970302789301,0.7623559081695442,0.7751023386005781,0.8601443993522925,0.7534638830355924,0.7553981325761722,0.7370460071327677,0.9630540935857571,0.8991385647519676,0.7193205291033347,0.7757948663318043,0.9328697851672356,0.7873938574944307,0.8217295262919918,0.9310771038989771
0.22222,1.0111286096076089,0.8371004489932855,0.7191666771192434,0.8057353534722781,0.7561118548870981,1.0771616199769276,0.8794323159840718,0.6383092725852755,0.8600069762934243,1.013740975951901,1.0772126178240942,0.8884397078838775,0.7551547691113917,0.9036621283953441,0.9978129620709247,0.8539918079390574,0.9036553115892085,0.6915187762943521,0.9422354978071489,0.7637424894923165,0.6684574968898283,0.6651965182541673,0.9151511359527174,0.819411834356316,0.9049824579118032,0.846903272254809,0.7970017482811111,0.7860484065823529,0.9010389991982231,0.7156824454006091
0.22222,0.9652709549476902,0.9846571599258618,1.3019507434685675,1.1766072547290929,0.7980977978004719,0.8206120351535486,0.746751295119159,0.6220503424216511,0.9031894482182382,0.832168965269055,0.9338573395086158,0.8166538978710138,0.6616425673249735,0.657949873362475,0.7142436538087351,0.8589518717108283,0.62414406524924,0.6738241207277074,0.9333307224168247,0.8911375044220579,0.866999185705308,0.6338673140350154,0.9694752747669942,0.9900077032805423,1.0141609164403291,0.8604952038097278,0.9232758127713029,0.9507609860793469,0.7834500022209291,0.8434434514019404
0.22222,1.0064126183702058,0.8462332821326048,0.9718941828973484,0.7037596415640655,0.9961253056331334,0.9343008271747912,0.8105474472791546,0.8521182307180422,0.6742848816803874,0.9201685090426712,0.9523021490262906,0.8401800631455976,0.8871364632379356,0.8954568852500718,0.9680118003687623,0.8492987855254965,0.7484768491596274,0.8247755821034979,0.8951465902717434,0.9308223389159196,0.8378719521950403,0.9115055000026978,0.8947626990293208,0.8850456650149156,0.8388141766433422,0.9946654618518812,0.7421366226809216,0.5916683901881393,0.8402849245394975,1.0133331834887598
0.22222,0.9739774594279522,0.8350392390649461,0.7943986705831472,0.7863414635272721,0.6664152907661544,0.748920552831485,0.7566011891075094,0.9590692625292214,0.9990544159344679,0.8129251840610899,1.0304757893928782,0.944828463646533,0.9199177530232271,0.835590102086546,0.882068414789211,0.8762913118721473,0.754442107574485,0.5659192815514227,0.8512244897067031,0.7335197930401859,0.691576870682916,0.672723323783457,0.8148385153708231,0.8211469715556347,0.9437888668521445,1.1000050598185718,1.0365556422904747,0.8649155104394262,0.7323170079243634,0.897180036927069
0.22222,0.7800832362100871,0.7518917037539733,1.0848841389880453,0.8041356873263373,0.8854875979832701,0.7852243290640692,0.8116052490965837,0.6939253123058153,0.7147098327073916,0.7210712164415983,0.7609212897281793,0.8012485712304467,0.728049088822494,0.7397101410022914,0.7861411176508244,0.7576705151734071,0.6813530290168859,1.2963259622015928,0.8193307869597133,0.869809807590059,1.0838096655384062,0.8017485986370321,0.9306517624420708,0.8855910582201189,0.874806096876254,0.9307273966452788,0.8779094967139114,0.9537226745775459,0.9506618776638344,0.762531150239578
0.22222,0.885348944973596,0.8157444776677618,0.919651722445014,0.9743297422688527,0.7604420218567477,0.8113655742947812,0.9261850217011082,1.0021072254014076,0.8058403258257487,0.6499159958433167,1.031997872531914,0.7026873167477462,0.9398143135209747,0.6998311974912337,0.7618500383018165,0.7332945923157024,1.0334808497037815,0.7894005667300407,0.8270519036597508,0.9465439678859144,0.7077994165764551,1.0133219260298392,1.1294615795123955,0.8026196201009301,0.8666450234878375,0.9197884144199163,0.8276527315188661,0.9255541930531624,0.9318301518075657,0.8387014012057206
0.22222,0.7199089252567518,0.8190856189177523,0.8904501289642973,0.6506315402440863,0.9229351006509451,0.7029429069836449,0.9507131859048361,0.8009826736238852,1.0315374585780364,1.082573997004289,0.9067201609858696,0.6390661044918191,0.7306079794113831,0.9200424817996796,0.863524378369015,0.6642266853450283,0.7398496236748631,0.7875720237411917,0.8332906919370522,0.9987267737758596,0.8379380712693455,0.8253507365744551,0.7516171338266633,0.773927380068636,0.689021359459818,0.970013913405503,0.8338800125449666,0.7449070276142263,1.0022183151480566,0.7256818218878387
0.22222,0.7477889657147874,0.7673104619360464,0.6324585072617447,0.9444619346428077,0.8129646720290147,0.8330456511164998,0.7902043344153464,0.8726506840759416,0.8767850865191298,0.8336315110460703,0.870900749485217,0.8484583344696313,0.7610131876472913,0.7350755976009128,0.9125276548958834,0.9897924511034846,0.8020793998212052,0.946508418491127,0.7466599330531214,1.0467097553999907,1.0793996094588234,1.0547169425143588,0.9389095872868901,0.8530500910763423,0.8029870617272744,0.6334001824883257,0.9472371798826484,1.0533928339055256,0.8202571456824321,0.8558741799805504
0.22222,0.962962121396831,0.6872908450248776,0.7302036399173588,0.7579308387706678,0.6442140603790667,0.8547451692804758,0.9038559328610396,0.8569357143839327,0.7943153048252231,0.7077563483066123,0.9760775871912659,0.8832249991476506,0.7668721969795534,0.8889348305204893,0.6523570993376098,0.9226401689443933,0.7780801933365822,0.8404656118747718,0.847020922613491,0.8289220374011006,0.9340515691991617,1.1909710371234952,1.0937705707988166,0.7805361814039632,0.7504585757471478,1.0618310487509515,0.7929548631867586,1.1159019563321817,0.9300006178954989,0.6721462501620578
0.22222,1.2550435392204284,0.9122959051879472,0.9384115712922146,0.9779764984333731,0.756024356643399,1.0646532584533464,0.9055737885836654,0.6791567813197724,0.826673521390548,1.1831040238263624,0.8326472882683981,0.7595156974329526,1.1470131565021764,0.8609107386569232,1.0440020935720011,0.8269308743906951,0.8502117898268777,1.1335575648228127,0.9110477550376505,0.8524660155448229,1.1185647890761647,0.7604246276178942,0.9074367538555415,0.8271813732112031,0.9915906308098713,0.9042829526198144,0.7105617879666065,1.1393943724136455,0.9292031819385543,0.941101036965851
0.33333,1.0248999245098895,1.177214553620215,0.8939655325287685,0.7732731224731636,0.8776456312854758,0.7204647484575466,0.7497362930129005,0.8605729714151595,1.1604271829721298,1.023652697543318,0.7662938537966419,0.7945323712148477,0.7780527497364799,0.7738566151680026,0.9897614148157824,0.7686274164455306,0.9513610447609362,0.882991990043382,0.8234360227998413,0.8952469276074433,0.6982150887338505,0.7388875774512517,0.7260561022142792,0.9124853629372112,1.089674535881349,1.016412415436453,1.0179834826229184,1.1598287469344142,1.0902106469745767
0.33333,1.2130313425182804,1.066331477527861,0.9467139322425585,0.7403967970294066,0.9502852407962864,0.7406096752325994,0.8030686210877979,0.8170302566393469,0.6658953157140347,0.8489043043220716,0.7179156617750064,0.8168658082361684,0.8010495827326527,0.8092176116132284,0.7751205792399526,0.9686454747541489,1.0086515904842652,0.9291410607571977,0.8820377355445449,0.9962187622464262,0.9212540666206269,0.9379350979938559,1.1963274877311998,0.9151320406374714,0.8972705532423111,1.138908541392489,1.0698278670555068,0.8155405529300367,0.8794394468445134,0.8886927664640095
0.33333,0.9114667797567841,1.0041299454275934,0.7267081146075292,0.8907034645588041,1.000575994246761,0.8723684502601754,0.7303583381588269,0.7419163054721876,0.8478693147401718,0.8516120821462065,1.3188602054620793,1.1229911082789863,0.9614405625604894,0.8640608130411206,1.0237487846790112,0.9503221884480566,1.1360940736943654,0.9142739014409806,1.0476724228535568,0.8071713152784186,0.8761013139136132,1.1716800693166385,0.9972252792633256,1.2689083159036412,0.7500646144271896,0.8990539164405785,0.8692869911277137,0.8440742041287476,0.7929119408018055,0.8165763262129667
0.33333,0.9029713769222364,0.8096464591835232,0.9860866747884237,0.8400850051039733,1.043273041625764,0.7569029272115423,0.9134560398426917,0.9293923398650459,0.818673695885937,0.8456274733762366,1.1660620443195537,0.8331024875053258,0.8565930510304318,1.3302131884510662,1.047647379605125,0.8919947530517632,0.7982561613318989,0.8325407228534797,0.8589712387295239,0.8287803327277268,0.9990620516729916,1.0219897823984818,0.8353020140793361,0.823824523111119,1.0932792826606688,0.9518074982643236,0.7688071977006864,0.9025718069250096,0.8895341151562968,1.0487364664018677
0.33333,0.8292516099057873,0.8070964829548001,0.659722627758756,0.8315746468459219,0.9135442053953534,0.9034830733591027,0.9649536230004417,0.8263198562279738,0.8519829362260226,1.0574064346281766,0.7790493422941619,0.7040230714009013,1.1388391745823248,0.7160655641665725,0.8270419466490893,0.7700446498620909,0.8732051330108375,0.8890587902091084,1.166107364859593,0.8521994711270594,0.8187337574056373,0.9205797428156139,0.9823170741590613,0.912340791354022,1.0493702381135122,0.7934391622294423,1.0138188798154786,0.8279799779132151,0.7498873561165481,0.8315752659994531
0.33333,0.7637534180763926,0.9036970133409046,0.9721588472370755,0.7296435152782836,1.0365262508333783,0.883575421911611,1.2251583708782918,1.1265187843931055,0.9910767303218855,0.765141488519881,0.8862718170929903,0.8625615612720989,1.0084202215900417,0.8991413523105651,1.0385923211822645,0.9536726647871953,0.9399654979340865,0.9593276423611791,0.8504092058300419,0.8043091193148453,0.7391406766578511,0.7602932032285291,0.8957374762390657,0.9212432488305411,0.934482083462633,0.8904991554007312,0.972671701734062,0.948808679031656,0.7765432406452453,0.9424204917405308
0.33333,0.7831457843728171,0.7473356599630634,0.8351846288006232,0.8795482337172194,0.9544197118097161,0.6339378839706962,0.8047103776304357,0.8700687292557865,1.332597480765054,0.7342961775906575,0.7863996465883536,0.8816180120378778,0.83607142907134,1.0843052879486885,0.90615568248202,0.981762799479981,1.0926010026264903,1.0054316649141897,0.8893327410155288,1.1057540954916922,0.8280871161254306,0.911128251712738,0.9429071239936102,1.0035772813679202,0.7798340221472849,0.988847653878378,0.8437348460593506,0.8005751900670902,0.9245493797064044,1.3062776000587857
0.33333,0.7301284829059198,0.8767095357635546,0.9731270069415304,1.1012693926207562,0.9162343919933524,0.9992062837065372,1.134530827384596,1.1988650622575436,0.952088976121643,0.8331045879368819,0.821368079127286,0.7433976005801737,0.7822806187636521,0.9764863458846379,1.093220108185824,0.9591194486744326,0.8667083994999578,0.7298382623201021,0.6770460064296024,0.9000367863700716,0.856506182305487,0.7140949140710147,0.8391074837159468,1.0457842066324967,0.8630657500600984,1.085160709891496,1.0434450755331333,0.9201224156416616,0.9864605637298555,1.055461287547117
0.33333,0.8916787930018553,0.9413979680780942,0.7211489402124904,0.9418005359715251,0.7251556319990898,0.7998003711628063,0.8164840678142012,0.5736355582168142,0.743328821204745,0.9217789487528825,0.8712445668106391,0.9296180291412993,0.8902556001790809,0.8272038737699072,0.9234230480164075,0.9258566799599779,1.1436478618736505,0.987409264552651,0.9277981571720839,0.9860552534554788,1.0250703912975592,0.7040340817999566,0.7942131374349684,0.9483983638060691,1.015221805360983,1.2265128877038494,0.8653409391451018,1.1528520513900948,0.734184047035508,0.7066574462850024
0.33333,0.7725422000184813,0.7560812036571575,0.81051594413267,0.8143583712276781,0.890668803074181,0.9259704359915486,0.8879238175033569,0.860614048168508,0.9590055937746556,0.9510604183265096,0.7524897860624706,0.9484065741628835,0.8935530497017453,0.6666348374075731,1.0849210215782932,0.7297351726240281,0.8057533214856573,1.0252460361239037,0.8300740325442325,0.8664262839300744,0.7325000143691364,0.8291264625173903,0.8616908929983396,0.9075803221781156,0.7709848210260309,0.7979656779323986,0.8283522820020873,0.8592714375190208,0.9029652829199273,0.7169257565843625
0.33333,0.7145659409527013,0.7697030856977021,0.9383361933414729,0.8962302413306921,1.1677386098497717,0.87268552372008,0.9536335304661524,0.7995324336689243,0.8403115563550669,0.918741044513296,0.9591140121547304,0.8224980310266174,0.8508981943145093,0.7995522511654944,0.7229035182461029,0.8032265221586181,0.7429470868147648,0.8381623482268367,0.9302974239529924,0.8971401924620118,0.8562352403978912,0.922714868977998,0.7923099015336571,1.114461262471107,0.9025702561269788,0.8267438511744614,0.9551235975994433,1.055765103291731,1.0388949853266363,0.9155596460515375
0.33333,0.8646130255500546,0.7246006481140502,0.6576797662985027,0.7828180716110852,0.9167633471478461,0.7991896273340804,0.705622758864554,0.889059097083253,0.7800520328011114,0.7372840773488649,0.695377512202102,0.8502659575470067,1.0269962758367832,1.0816962647840673,0.8531331851064241,0.7817849357436305,1.181564946050178,0.9766919904121304,0.964368732251385,0.7736392267750968,0.8628314549893873,0.8373976843513143,0.889701890660835,0.991254604208065,1.050766118290252,0.9201197643279684,0.8141016583210877,0.8407617493738703,1.0770528779269362,0.7497091255266277
0.33333,1.0433522165292957,0.8428390377996191,0.8269951987298824,0.8796463879890478,0.8369697055396274,1.1398517341661016,0.8772833047703518,0.9925075816116772,0.9591920387063018,0.8597138940308725,1.1842383136469867,0.8268832858052874,1.0428303994288552,0.871070784163886,0.8377694446897429,0.7676766397326461,1.156606950762377,0.9482002628041276,1.0119583219064565,0.7416563333202457,0.734731961058153,0.7987504068470389,0.8205611823408108,1.09727473520838,0.7311799660449869,0.7005473495427506,0.75184699267581,0.8548955950515607,0.9433625414014775,0.8457105292376207
0.33333,0.8641790749911338,0.8822463183413738,0.8278640118884014,0.8380369574010861,0.7551087252544728,0.9001205843146968,0.9510191775961014,0.9020305738225644,0.7812164698599471,0.8270068536294526,1.0917917295866644,1.0148540367171768,1.1715946414168303,1.0266053856048032,0.923791468561083,0.9229623862842213,0.9045402886911421,0.895885759880026,0.9484216986450178,1.0171563156041943,1.1337115934302329,1.1312481762556048,0.8481906172583373,0.8715792457267716,0.8485366761409806,0.9500791897093267,0.8942576362106422,0.9421405407574646,0.9438444086839842,0.8920651982297392
0.33333,0.8037530399175538,0.9409001223955475,0.9517936077484214,0.9173086659958642,1.2263434890788407,1.1964692818975762,1.2852062185402975,1.217658188570641,1.0253687586670581,0.880419885949419,0.8329348098551635,0.8336439282726572,0.9050170797898901,0.8482051360437933,0.7254749999321265,0.786369172616221,0.7735339855879363,0.8750041114742269,0.5718785985632007,0.6872628295093604,0.7800516833365514,0.9886593829116858,0.806018814354225,1.3938650660360075,0.8871145577479674,1.0582072881030202,0.7998917288533237,0.8966770949364242,0.8772324829101807,0.9579423317374658
0.33333,0.8675284639255317,0.696316397637429,0.8605129460356532,1.0841181700597928,1.081739956324999,0.9760992022161141,0.7699658856766425,0.8037838881482201,0.7903661229875791,0.9880506206357954,1.0263511073798988,0.806913291984781,0.689139259621872,0.7085848721035654,0.8280760192189833,0.9552274964609674,1.0367182667903603,1.1692480322407355,0.942301354778377,0.8458943279710609,0.7485229753543472,1.041975617087468,1.0342493659353227,1.1107863829519993,0.8621035080083326,1.0424904045371348,0.9495576438324126,0.8262000231808408,0.812128402408309,0.8979831838321561
0.33333,0.8136739682730236,0.8940069952600788,1.0321944669487735,0.6423653315588359,0.8762988658845694,0.6912490905434516,0.8914058216768456,0.9067917316204445,0.9080555651100961,0.7538831858489029,0.9523556195712786,1.0539836770264328,1.0015941072707366,0.9790684415524199,1.0642224619695564,0.709598835861772,0.5790181910019278,0.689544938633231,0.755613747151658,0.8686583503872528,0.9924962728064838,0.9846044946088808,0.9884109677064096,0.9825864352777524,0.9589489946086741,1.118844706590472,0.7696479798462252,0.8513540907702143,0.7860107370415488,0.7190654680397431
0.33333,0.8673426018960004,0.7961274492255053,0.8247088355540697,0.8564642641717629,0.8355605553665592,1.0673557268812257,1.0401688542778185,1.0173947945522257,0.9321512930515824,0.8955937387190361,1.2284142428043225,0.9662288502897487,0.8391849731478399,0.8698370314036984,1.0226378228093544,1.223345917072187,1.14866247595867,1.274554541006494,0.7930645758845889,0.8622898690589513,0.877056015648246,0.786371669044052,1.0044917723060334,1.0068878168110393,1.0787855537134299,0.8111416590846621,0.8184694056887414,0.8101140798543193,0.7372027399846197,0.8002930890668091
0.33333,0.9991989177415751,0.9128075619878028,0.8676220979255934,0.9842028663233623,0.9404408322069574,0.7610749970401005,0.8852651537213678,0.9045548750566912,0.8173967579263216,0.829589910907306,1.0781863841044566,0.8677079473763765,0.7649267513659722,0.9120391813132248,1.2277773512921157,1.0239495340606717,1.031874259831139,0.8623919315888626,0.7617438349781245,0.9828056893269297,0.8608911114489795,0.7569910274284705,0.9281693706474233,1.0259542996001245,1.2637035230145595,0.9588406838198137,0.9179683994593464,1.0108087133058694,0.8439285825594363,0.8468073135973814
0.33333,0.8673906802107965,1.1149043161691463,1.001640326975812,1.0195528316598725,0.9118892022086551,0.8842530849218359,0.8403248229618824,0.8052384363812293,0.917782739890202,1.0536247863605865,0.9198817272730744,0.9047122904472251,0.8193567138720678,0.9504646905736227,1.0742947435503771,0.9653830191781427,0.7843399272371274,0.869297108551861,1.0708711801847388,0.854588439762494,0.8342007267271047,1.0113306527329986,0.9443378190167441,0.6784682571028499,0.9271591565656429,0.8046749783357222,0.7374512308793411,0.7971466285147172,0.9208673580875104,0.9034293169200348
0.33333,0.9590973130169189,1.0895691444633187,0.8198622357481915,0.808787555002507,0.7118605502115648,0.9351174968882122,0.8628417408392844,0.8521503204701312,0.8132997359988517,0.7716975256687627,0.8341332510407627,1.0202549368094325,0.8321857009913181,0.9613204355552195,1.2287123158779862,1.0568311449017247,0.7321469825401438,0.8046802109144623,0.8677369071761687,0.8548596743863057,0.6518314559035695,0.6392512300256885,0.9742469448418895,0.870143111179432,0.856368853646508,0.8765056297471479,0.8516670092202011,1.0543281703232796,0.9007659564406764,0.859374034273424
0.33333,0.8614077110204347,0.8216938194442992,0.885985237300622,1.0290758188371265,1.0060048416485095,1.2395634679140461,1.102480875166786,1.146121378277715,1.1691571480870413,1.0739257262062905,0.8827075084345721,1.0094961497248431,0.9446009049335573,1.0065781280202764,1.3041824330629772,0.9624739287600544,0.8735239060663135,0.9109777271575358,0.7586996617559616,0.8484382911283453,0.8630778584086698,0.9355541187320677,0.9577730132275436,0.8751307046017133,0.9987003397379807,1.4588929507264758,0.9715634526738559,0.9396566431623662,0.8692907764076965,0.898050499247642
0.33333,1.427275549263413,1.2490210693981212,0.8562557836310839,0.978894763378688,0.8578338449794691,0.9088774566300307,0.7520134538524214,0.7560106101664904,0.758924971611931,0.6364157841342526,0.9285585020438487,1.0500323479080125,0.9178108340826855,0.7655612531131519,0.995942625609138,0.7880363633430423,0.9997563113503258,0.9853844735918479,0.9309811408911167,1.0079462410464672,0.9031337414952803,0.881937367041078,0.9985065385096018,1.0992222231555822,1.0334387531874538,1.0318034358326351,0.7120090113631563,0.8532069075962435,0.7673517501025913,0.8913082653914591
0.33333,0.9607190377801464,0.9905491132950859,0.9884055006312104,0.9080695771624228,1.074524977140495,0.8016538029593143,0.8161917918433064,0.810192617373132,0.949217357319694,0.8000559563515988,1.1316912466793307,1.198071490090313,0.8975272387177631,0.9009175129681127,1.0530269685754439,0.8881205043231715,0.8073232178239473,0.9904419940643255,1.2795759148093964,1.065366209960998,0.7464248373525741,0.8597533257377402,1.0034847404879184,1.002512622674046,1.1781268994527183,0.8807114255950758,0.80156595599803,0.6333532678510004,0.883826619572177,1.0112868295996087
0.33333,0.8097680936737637,0.7794764640401783,0.8680659475845354,0.803738615202664,1.0219316921212453,0.9359331104131625,0.7913031332008006,0.9500277996591244,0.8986813160794954,1.0356866285034656,0.7044647640425904,0.8460629724083963,0.6806187854994159,0.7052741972364608,0.7354579203928114,0.8710411874712474,0.8602864020213615,1.0124911562426988,1.0170482110852248,0.9500488961977197,1.0736153128609385,1.0174395844154442,0.8848139996511271,0.7326877996401765,0.9493266849378827,0.7722413655957374,1.3070178024767223,0.9271995385692735,1.0032430371221137,0.9456985208764368
0.33333,0.8542256316344199,0.6695357243936157,0.9378418195458307,0.7720210137944366,1.0469445727159854,1.122357239234097,0.7242067878646474,1.1566710586650315,1.0826805246484954,0.9293158603171591,0.8471708445815794,0.889113305996425,1.0874805304127453,1.1622971810137872,0.8193632726585791,0.7052940397521466,0.8540922050869579,0.842824523594919,0.7956134327901686,0.7468801077203397,0.8901787522488711,0.768237962854811,0.7783096508737406,0.9518518622988235,0.8963285491492784,0.9151582292624438,0.7571904093097724,1.0412691857381444,0.9452096616911688,0.9589742442014462
0.33333,0.8974658396828576,0.765816373236757,0.8347136121827022,0.7456148864944449,0.9777550690614977,1.0986254938784188,1.0399881568198424,0.793196482884546,0.9375081691402734,0.8537803476234309,0.8123161440328408,0.9401301589408226,0.8280897927159988,1.1986869354454253,0.9884987611878978,1.1758560372303024,1.260407079186,1.0790693288970823,1.0813890094841567,0.8685949692808433,0.9910016829495454,0.8105236231230054,1.0692200063450223,0.9144579662233985,0.8364791019803203,0.8087007393338209,0.9484686457614848,0.868584031013946,1.097846748776318,0.9237505465867742
0.33333,0.6173048005255007,0.6538069351876943,0.7581279787976805,0.8737453329215702,0.8147848318185106,0.7681442578021597,1.0359564536110155,0.86303995035077,0.717269824264888,0.8494683804919402,0.7467543586660943,0.8454073515115744,0.8663641672191783,0.8460877814761341,0.8275339252789332,0.7762944105580734,0.9047041389377005,1.0150814830569508,0.6994694051524608,0.8035449905276072,0.8162696796796608,1.0031883807465012,0.7338051279771123,0.6922014360120166,1.0424146561169487,0.8839318517776177,0.8410004134044827,0.9358859284936865,0.9119544534590385,0.9382816802984183
0.44444,1.0885885241850917,1.0414320004271367,0.7336683350229031,0.7500649416790098,0.9584903565440351,1.0977748329307984,1.235897978721291,0.9309573557286097,1.0410858062442303,0.9699586308996003,0.8610270352831144,0.8661058662569712,0.928913783548807,0.9601967101177306,0.8784847858644318,0.8602398084615026,0.8320180069135713,0.9442522896375717,0.9606267270612858,1.2006413339128186,1.1016503233073316,0.9964530490452468,1.001373067109033,1.1411338517510212,1.0537883846387943,1.1108750108816545,0.9976982906840698,1.0085241596636534,1.085161673009813,0.886394949195981
0.44444,0.9316250565292988,0.9071147019001273,1.0157222749524117,0.9098095003400908,0.8972068724474894,0.9961501729278167,1.007609245717375,0.8097648230950325,0.9699311395189777,1.1148582911489298,1.0920735407757638,0.9650009565584521,1.1491066831832775,0.9861502126450524,0.8910725397035906,0.9850328926611814,0.8956878121449554,0.8794676195881423,0.9593590893287025,0.8484599673048188,1.0788829908513173,0.945394076637183,0.8803019789953411,1.0676375608748847,0.9915915988901851,0.96710722403183,1.0757209533339274,1.0819271219667748,1.0862872224093043,0.7796607568816976
0.44444,0.7960609125359696,1.001530348861535,1.283082276834887,1.000979252713359,0.7949065277215137,1.1759266870479927,0.7969484453249176,1.0708517296066402,0.8893463358353656,0.7526632314325837,0.8775066173150172,1.0686832589275117,1.1093212568244555,0.9457907380861205,1.0452155975167958,1.235352435176604,0.9493467674941909,1.0152327512631303,0.9868227826088037,1.05635173510592,0.9657551916081827,0.8824512609732643,1.0868321004327453,1.2575250259999333,1.0028839556270583,0.7464405392106096,1.0459734618120424,1.0106764515588587,0.9305535050620657,0.9341298249294049
0.44444,1.4343449650318698,0.7634430439073079,0.9108960233674462,0.9985926101688484,1.0769116585057668,1.0102429253970568,1.0166787454434487,1.093859969824571,1.1683338563626213,1.0664635187300404,0.8672566354416071,0.8341011952077411,1.0802859453061335,0.9232755338788061,1.1843259439596217,1.0541050682554367,1.2881768900452155,1.1271789905773688,1.0408760244902018,1.2193163809145868,0.9567141627217498,0.7531654115721896,0.8448926820223495,0.8814818769948035,1.0021599663314977,1.0086429382232283,0.9905601416472829,1.0326640950762467,1.0727651084701817,0.9655087618776511
0.44444,1.0782217392384568,0.9867251485707432,0.9142180646135586,0.9575814743227934,0.8922344699006155,0.8364388459095451,0.7844399368509115,0.9996407169854954,1.0511272352398422,0.8038187769793365,1.2513984570693715,1.0815304396291046,1.1838784070717834,1.1711089190410657,0.867943138079129,0.8462917441862822,0.7056284961642546,0.811769001128507,1.1715170343554238,1.004911650284458,0.9491752528367658,0.9558769400590182,1.0011933050770623,0.7310575574741914,1.1358821252741587,1.0919287637650907,1.2304643356885498,0.8944587627324303,1.1578481641898621,0.9344130462019851
0.44444,0.9142389871629554,0.786729676026782,0.9108261358385537,0.8390752786707169,0.6894883883475323,0.9078759279474178,1.177385726426345,0.9679118955399963,0.999740569499058,0.9314559446655382,0.9427131960760461,0.9118817566557409,1.1363425748507603,1.0727978850449436,1.4597661901018681,0.980638630658995,1.1579534290877653,0.9174472393349682,0.9720754064757519,0.8953919858173214,1.1000342472991453,0.8246769275836209,0.8633654669890217,1.0079178954848302,0.91280879389451,0.8774036921137229,0.7576282804852245,0.7788101452840134,1.0467867724940287,1.015537792860634
0.44444,0.879300407617102,0.8982212823423,1.0040104216278711,0.9708859842929435,0.8190230729273855,1.3702514746700512,1.1859722013711171,0.9064277079198746,0.9818967730159651,1.055113297065483,1.1878059460731678,0.9626326235986835,1.1021923551853423,0.9093100657034453,1.0300534868619464,1.0781310191861024,0.8410425751196894,1.3405120162740078,1.2006250557596772,1.142736565464788,1.1169644227971642,1.0678788714567418,1.1852679361234826,0.998542563521705,0.7737404396046247,0.9164379932568527,1.0240317586166632,1.1074907635179927,0.8509090331891453,0.8258445240052857
0.44444,0.9739943548743824,0.9597772854783879,1.001622305939704,0.9311066830249541,1.0737011903498392,1.01111704691069,0.7710099580507216,0.7863036682465085,0.9564828159720971,0.942489839611493,1.1540380454702381,0.9766816787106212,1.0022256794276456,1.0810979983125413,1.1324391384611785,0.8069424710925389,0.5731206195291614,1.2590475549318045,0.8299004493176105,1.1134210242446843,0.9955713635428939,0.8786428361697143,0.9151123591619562,1.0959954738623516,0.9695784018847581,1.299044793796782,0.8735568175230451,1.447636549738235,1.2479036000925199,1.087477131016497
0.44444,1.0232494667130887,1.0501939113452512,1.0614238674464893,1.2064791932348353,0.8329791597443029,0.7619100015067797,1.1003410922515773,1.079067423641521,1.3424074988425996,1.110828625989398,1.353433687390828,0.9556146118458234,0.9440186634142211,0.8837056228712175,0.9374523469376607,0.9128854678709916,0.9044809323174353,0.7965030639712414,0.9711792904894042,0.9063813169383325,0.8269164803696937,1.0403827781529742,1.15663323471917,1.0281157824863492,1.0254722239332783,1.121033512753719,1.314358730907903,1.125610571112242,1.0349732093232833,1.179817117843279
0.44444,1.3639890342296497,0.8357057521289898,0.9548227719138062,1.3383164628499682,0.9403442492269843,0.9262713036038633,1.1520916314697933,1.19240637673865,0.8088557304971546,1.0829724608652356,0.8754069551837389,0.8479965060918029,1.1765416522391674,0.9374340217860233,0.9285955959594918,0.8608096564553039,1.0043904351388264,0.7879607388865356,0.815728626271207,0.8537125806402606,0.8402173592822268,0.8823951131857269,0.9817011106969161,1.2310284346435663,0.930390589102451,0.8877388684782126,1.1398379295299998,1.0787831454444041,0.8532655618906106,1.1159535377259868
0.44444,1.033452359398268,0.8703044111448279,1.1447905201204207,0.9920836534082046,0.7501162260406767,1.021937426124232,0.8068464654207353,1.0065238085293402,0.7716410662896406,0.9400455536663453,1.0728296156913704,1.174630053775919,0.7242751820464948,0.6540809167600229,0.8663391957023179,1.1212843211095977,0.8564017113426646,1.0869219973895503,0.9552119273758598,0.9165198420678605,0.9045644171646454,0.900969997861582,0.966495945939772,1.0899598701635116,1.1716272925739015,1.109843604816605,0.8667858901488336,0.9603684981123027,1.0836390691458553,1.1218225694987871
0.44444,0.957985658734813,1.079062518650845,1.15873188811747,0.8029052002185744,1.0099064456314955,0.9220922594447587,1.1561533356012046,1.121553533356846,0.9149379608524632,0.7833478729155987,0.7506303490522055,1.1276026898530571,1.1562344610713942,0.925543075374754,1.168312482459178,1.3894634388857254,1.0799351657636704,1.0887573584270618,0.8682307801374846,1.1343855053742757,0.5799554389162692,0.7630714960799541,0.9169378963128874,1.165820892986907,1.141786773208818,0.9053132636314819,1.1418492938946834,0.7106350109757557,1.186190997738636,1.0688095550877252
0.44444,1.0299708446212485,0.9607187505562726,0.8836907805753764,0.7601984106169621,1.0383827742424556,1.1900387342367758,0.9627901342276418,1.146023979224912,0.8575834440633,1.0770806909183472,1.0113697415902605,1.1116331772874846,1.1500926959139377,1.1025510408664887,0.8133883231534679,1.079864539312845,1.1808198604214537,1.1673935561961402,0.9475432018512926,0.9373655087221454,0.6450540625951365,1.1809413046298023,0.950655246212352,1.1109424201342355,0.982878331845896,0.8845398811455342,0.9841430056846333,1.3280417738901542,0.9196491529378028,1.2857815978662952
0.44444,1.1732452822072579,1.2753990896198073,1.3107026601889613,0.855428676500232,1.0862696445528262,0.8798996368794747,1.1902368881688448,0.7739356053769902,1.0724177995813335,0.8538594780531428,1.1363867929937228,0.9599022086590224,0.9203590841615286,1.0549374748728686,0.9307230388068183,1.0493310911610982,0.9347289163438075,1.2133926178794048,0.9503093918892209,0.9882880601668145,1.0267570297793853,1.17224670230108,0.7897283507404902,0.8291472299874456,0.9250693802011329,0.8935530336314643,0.9678113245335447,1.101262856207088,1.0049829890962454,0.890673584456113
0.44444,0.9567515369035567,0.9937435406185657,1.0830664931427532,0.8432689450379632,0.9041353676996596,0.9053823901726782,1.495677254423538,1.5189974245766682,0.871254917914545,0.9867229583366437,0.8628080554891293,0.7866214923656315,1.110725498479766,0.9988526298923639,1.1415501060730837,0.9542057650594005,1.233336807645679,1.0784457174815532,1.1107689522976953,0.915680394973841,0.95754901041167,0.9380328500310903,0.8830917437117892,1.0043290817452757,1.0820054068855778,0.9469782686128989,0.8260654408802675,1.0707943782848999,0.827094256727039,0.9315663419730573
0.44444,0.9966064757357047,1.329322323822449,1.01662458477638,0.9907243318439855,0.7573945303087833,1.1712273815236915,0.9655464434557426,0.9984661036465332,0.9330373123686843,0.9531936089184965,1.2195213701014573,0.7773825149017052,1.0341449974204076,1.0758084675700954,1.0213191083774649,1.0647218624644814,0.9203475182030485,0.9003177245197413,0.9983426421110273,1.1449767250158285,1.0318578664947544,0.9868011306228696,0.9222581777137708,1.3808322565878026,0.8825783505174036,0.8948025675141085,1.169400888578407,1.3977223270827817,1.0071757817410483,0.9470531942991384
0.44444,0.9051939310346274,1.1589146567630637,0.735215429583874,1.0983094178427921,1.1327756667413877,0.9754295313784884,0.9827257790114982,1.0448333343664513,0.9957351772603044,0.9118063679258099,0.9940246054131965,0.8062911955909375,0.9951128462802525,0.9501796084640972,1.075289215745925,1.0045285241950876,1.0903703153303759,0.9889052407173908,1.0160446462905286,0.9359053141998386,0.7588451583584106,1.2045677043643181,0.9742284413973509,1.1278439366267503,1.1494094751780248,0.9381882810300863,1.12421628561115,0.8849855945922237,1.0849611310119343,1.0185045833058788
0.44444,0.8348021057698205,0.8379384652305055,0.8643683458395875,1.0713136751036634,1.021310513287672,1.2266235211594445,0.8404564679363776,0.9681814342761785,0.8832173919356364,0.8031245802361714,1.0393952372314372,1.0334834798433614,1.0709942388641356,1.1450660236892551,1.0859917635395955,0.9936813227422195,0.8878131835135551,0.9976777972071703,0.8982496085264515,0.8060117454975223,0.9325311184299051,1.0858964327918421,1.0750807442221646,1.2676763381596892,1.0199654569403407,0.9638270511838565,0.8227291674158821,0.8900182767190107,0.8521885031375386,1.3116243643918721
0.44444,0.9380148825333414,1.0192693314532038,1.0409509093925216,1.4233008289356832,1.3232354150221526,0.8565756292232656,0.9202430078944721,0.9438236024312371,1.037319024952054,0.9918965130346049,1.0504105230085392,1.1487334433408458,0.8303378784739114,0.9837854805960976,1.2491260442885863,0.8622995850000652,1.152115530125132,1.2139315019114174,0.8834557580555873,0.9439898392788516,0.9004362569245166,1.1344744883108413,0.9326392496804012,1.0259317800755836,0.9132072119476281,1.000568256090441,1.1118169748309623,1.0216018557418318,1.0166565657365336,1.12138126761052
0.44444,0.8241272225526949,0.7508409055356281,1.1535103990401432,0.9315051110372659,0.9248585525989024,1.0790889350054431,0.8744932338650759,1.2506347622962906,1.7732554830693386,0.8337369991252158,1.196184702826954,1.065200403867499,0.8537011423318075,0.9671799930702354,0.9984673802407893,1.0011605993412067,1.1160764177749656,1.3428107798006337,1.1586639769984866,0.9663124187667331,0.8134896683196814,1.0235138418245562,1.0694456816905584,1.1275664299809287,0.767192693732666,0.8144191129585429,1.0585108674619221,1.0041346409256011,1.0111876901245216,1.2381789043081335
0.44444,1.279973526165968,0.8833010137233207,1.0405533737573063,0.8580126793783155,0.8537156576310639,0.9986595163293623,1.1003319402135932,1.1785319369925829,1.1299174675773087,0.8806978275115965,0.9431766438584314,0.8611536839544781,0.9912295832846905,0.9833028460021147,1.0457940307345608,0.9805083048317907,0.7346470188099029,0.8506591304261357,1.378910649965805,1.0832048783939554,0.846728627829984,0.9700652447840321,0.7012302404604747,0.7648883186860003,0.7313751153435136,0.9585765664590812,1.094411858426902,1.0269705375292393,0.9282453721457109,0.8709616858308793
0.44444,0.8698290115073568,1.0804463403853344,1.147616961145042,0.9650255920467843,0.9239683109739434,0.9135144858127902,0.838455701149791,0.8406552249742005,0.7823672988346518,0.9336065951115395,1.0865283996548942,0.9226682937060546,1.1099842558346098,0.7754830221111133,1.1129890382247627,1.0886241672708155,0.9806737568298256,1.1144649545208556,0.9446328106365912,1.101462953172338,1.035580749841075,1.1963569814274035,1.322323110272749,1.1954151097218888,0.8774045093992068,1.1229254165661378,0.9287179394952426,0.919251903743553,1.1313596729379676,0.8534778807162482
0.44444,1.0401140978981405,1.2106224319194072,0.6945450302552592,0.8259751508084787,0.8866657433140489,1.0135356030344707,0.9128067724509112,1.0219322734670873,1.0663297767836093,0.8779795030574424,1.0349492339141306,1.1876981562350395,1.2165295926649435,0.9538998775938432,0.9975462392798723,0.9334789426078757,1.0976530824347286,0.993991799468025,0.8506232849867056,0.9054431677649558,0.713837274087068,0.9354171723251045,0.9791317621910345,0.9774203625621485,1.042037977502431,0.9655237172645869,0.649652910136341,1.0061349654183105,0.9351278878739426,1.1613773334539725
0.44444,0.8844678456633133,1.0147467924025249,0.783224163537875,1.0731912701320285,0.9298515491707207,1.006249667327184,0.8136472843254671,0.8990959423938553,0.7103476105636686,0.8006486178156147,0.9368899510915305,1.2901031891468653,1.187751979412191,1.4456705839368182,0.9785870769720592,0.8404516029683569,0.9425260339562228,0.8849407477614478,0.9301210704204822,1.1246973633710777,1.2009947537278451,1.2145900353256907,1.0814262898549978,1.1162123145052558,1.2300937880045029,0.9580004560048309,0.7338876872588984,1.0560928981936475,0.9354005563940025,0.9725385295160326
0.44444,0.7362280513267165,0.8664175734513585,1.1232023556679438,1.1060684609966203,1.3229285414701408,0.9966051088297815,0.851779364087589,0.8173325355951832,1.0250002687441595,0.7969246184259111,0.9713515504229272,0.7904719996311013,0.7845317094249442,0.7828222898938314,0.8818276422971029,1.1114306280569672,1.2483346688691295,1.4224218118309757,0.9525064548417496,0.8455894301613861,0.9747888633163327,1.2389196513768586,1.0379043108922643,1.3644373186469567,0.9162408085433269,1.1216379528554243,0.8887928027199263,0.9780129774889461,1.0412725359150452,0.9596644945876522
0.44444,0.7159801160675245,0.8746455963114907,0.9189715448982709,0.9164611863462993,0.8322309727578538,0.9813980913271293,1.253224951907421,0.9629526352846088,0.8123955187329953,0.961996709337871,1.1589724046517067,1.0841461200987017,1.076751844251856,0.9435856854855701,0.9849175521180081,0.9253906923358356,1.093763291804317,1.049433517418462,1.068232301396199,1.214146401240335,0.9902019829544816,0.953751272908833,0.9088428994611518,0.8151236457097232,1.054219280374429,1.076925680900907,1.0504909583537647,0.9202703875547895,0.8967527034736712,1.0840291225502956
0.44444,1.0675895875287191,0.8616321463130667,1.4049519540472575,1.0123755056223407,1.2425512306623216,1.2038014625466869,0.7979813922126965,0.737093950127052,1.3938368721195555,1.4488595542589766,1.0514916905219949,1.2383357819313032,1.0286119821264765,0.8874460232372408,0.8761822079057168,0.9995878903485815,1.0259051043254512,0.9311623445117695,1.1840856078458022,1.0029637001291847,0.7906010368016014,0.6770842344889166,0.8631874178823635,1.0117523420721046,1.0115304355000287,0.8928186793674829,0.848486251117878,1.0353434562526993,1.0604199056400088,1.009369299355483
0.44444,0.9041548170057478,1.1319438761163756,1.0073967681741474,1.0739671796368564,1.0329221627644651,0.8628202034438512,0.840194007699839,1.1352654441241774,0.888141131715103,0.8999141793713474,1.0725187043803597,0.9599873008606421,1.0048013258716713,1.0856269802495229,0.8964138427439758,0.7062160324459409,0.6782587243784054,0.7429118160275824,1.0542620116461638,0.9656117521130518,0.7949464125570813,0.8795762284880736,1.015459548126081,0.923960475410881,1.009890027206935,0.8460555038501213,0.8229003079782692,0.9690136905035057,1.1322052387834391,0.9728796474560842
0.77777,1.0883027667089908,1.2734983503654906,1.457445886575565,1.010195033423002,1.0534793279873826,1.6765559664572385,2.16539531054072,1.2720079057060478,1.1217895729276885,1.1693942130016903,1.1362095437156396,1.0764134858251262,1.7393121006069054,1.3979096149050478,1.2882594966076306,1.5665704439289643,1.5094411987391512,1.1067054054765486,1.1172006119686253,1.2344334571959918,1.156382254291176,1.176090706830998,1.2270309569004996,1.0553075282049023,1.0478699552627406,1.3559597727762835,1.2324459168129511,1.382693678493569,1.5198768724299585,1.3914092922780539
0.77777,1.3843824456272378,1.4047816580514951,1.0306966356321805,1.1094738803166233,1.3064025623998248,1.0789255149439414,1.2947472619182891,1.5545655632447133,1.7058202930779354,1.5344756029514552,1.7096180091253406,1.4435764799533346,1.6602967687637697,1.332732739200536,0.9278730353644206,1.0701747090699252,1.3776598941270273,0.9175858735862423,1.601210817179324,1.2644666510910088,1.3392795253051848,1.3544959862784791,1.6297134547918017,1.65834560765716,1.1109693207402511,1.1865869392434119,1.2151993903637923,1.0980021027611173,1.2466919907047216,1.3571339281598123
0.77777,1.1132020756008651,1.0194535853347948,1.295461897962344,1.3140792269445523,1.6900237980870896,1.2016469765112978,1.4685985120313896,1.558449818682868,1.389499271568089,0.9709520375246451,1.418286219170467,1.514900483579907,1.3003350611436686,1.298729365277316,1.1766407278497533,1.4763111757466745,1.2496412636480583,1.4800050493913932,1.2779371768267058,1.0931172905980402,1.27814070952287,1.449759429410857,1.4640313669895457,1.399573906526696,1.2745441491801657,1.1271202443427653,1.0927932324040888,1.1512847753308837,1.509005581647756,1.3578636987340802
0.77777,1.7814622748064572,1.2733555710935198,1.2418988305883465,1.0685453316320341,1.477212140895599,0.9258713060835659,1.1432681759045853,1.457131390463913,1.4469500304788883,1.6181702208278907,1.3472197854560368,1.25350480507012,1.228762308953591,1.1848512993319964,1.6231416892744601,1.5713182651124153,1.3224022773704238,1.2159504377158246,1.0454860744601155,1.380646326770392,1.2203295179752252,1.1030737450806416,1.1497166418565958,1.3998497652337736,1.307047982450344,1.563453608857484,1.238780573134167,0.9594861984975451,1.013175095271453,1.3431903757739967
0.77777,1.1775998924418187,1.1723253780231375,1.2252028854491763,1.5714304921164546,1.5138440648561404,1.1621318536144307,1.323696397887937,1.1710395249758374,1.3842432615527898,0.987931644167361,0.9897243935388322,1.2474659732313067,1.412882542178159,1.1838391872572491,1.3074630486045151,1.1399156929167398,1.0321562375703988,1.019503696030091,1.6292579686813227,1.8445825114146108,1.7732033058176861,1.4009885698530211,1.268722247729373,1.3504063162535207,1.502383291456334,1.043269046527097,1.1996882618700402,1.4223148148595763,1.213724585322839,1.1910581987068198
0.77777,1.565997533947004,1.6149576814464133,1.5408232299766276,1.4531670559660554,1.471645249004208,1.0976872280417849,1.0550258548655644,1.307256192780968,1.2047119372947555,1.890100466827904,1.1882642204553635,1.1146616087082963,1.2116683283114107,1.1132585607951917,1.2302472845205576,1.2767907152521702,1.0895753424624621,1.7677669920132115,1.1271217115058854,1.2749279711250991,1.4141337380398302,1.660453488085632,1.4430079824340412,1.3664897864616832,0.992223969260399,1.2456881771986485,1.0188346733685414,1.3187642215461186,1.5003243191879938,1.3258854185606297
0.77777,1.2844624625259593,1.0992161373874936,1.4938910701749164,1.1216101341130418,1.7308475534580694,1.4442737617760784,1.7692413929141542,1.504475882078478,1.2615319321174892,1.3048909066012166,1.095881478327514,1.556095282312845,1.5787080531476056,1.4625535402029883,1.4570648606802155,1.0737014156673812,1.4493307326064584,1.4262544836370217,1.6218074648991458,1.5757150982872319,1.358677024633113,1.1909788229470228,1.2848134437610295,1.4648343935981718,1.0550478466320352,0.9521928337368469,1.1882135281123578,1.2492787159486944,1.2778297855037746,1.1868804814547098
0.77777,1.2704646369913368,1.068484251858086,1.2108443540134444,1.4390611835755553,2.015464858443637,1.002770718000431,1.4486999571276749,1.4064426725730315,1.495555493827338,1.160471280830063,1.0518222379809994,1.6419821896654807,1.231919439356035,1.150957509050813,1.297791615911541,1.1321087164760157,1.3489472545197443,1.212478308099944,1.1006890012645016,1.1021561380785498,1.614256509300312,1.4254893500835202,1.2416326833681122,1.2633747369821775,1.2255171072867372,1.5032046788195093,1.3544870102999276,1.3575295579136764,1.3285731449099563,1.2701058679764383
0.77777,1.1743519494447383,1.12911224249568,0.9019393781691851,1.1135148190313842,1.0335980699213827,1.0794083362706104,0.9375864386442453,1.2330905303824076,1.2686412074748372,1.2239924707547485,1.0190388355102595,1.154676209715539,0.9409925320973679,1.155723159694706,1.261933079891057,1.2335605254117168,1.082380223836199,1.2129807251952138,1.1491224218673783,1.1416363247316388,1.4432128632080359,1.278375643825676,1.1683739902524966,1.4786414708226991,1.43447957243965,1.4028070435643076,1.2352165581757149,1.5355124245494485,1.2590200587450462,1.4473353064544912
0.77777,1.7634353669530143,1.343149713750007,1.564571058032653,1.1429332508534673,1.6331347543983832,1.3350679597177144,0.9801652522639406,1.0819519835810272,1.3130209203165168,1.4411709362184657,1.7390368188420724,1.2916865804096087,1.3834800220837828,1.4575360253388427,1.2745581851601093,0.9901416843679492,1.1500142291488336,1.2236246003213351,1.1887203185257988,1.0361174420378059,1.2301442275883838,1.4009699574986214,1.7393892335709655,1.239943560056831,1.0408046381834615,1.2371180311871937,1.4390372296119025,1.3625801856834088,1.08188275941526,1.3583015879028748
0.77777,1.385400933544548,1.1937519402496637,1.2456455709161238,1.5308159590893202,1.6897322163047037,1.4551594480135899,1.4669472710564104,1.0488726908511286,1.3469605701762077,1.3747387861073217,0.9721977270981323,1.1135951156924961,1.3309025278932527,1.1293635752893243,1.3399107013338178,1.5461418426512037,1.440333678934512,1.452504115352465,0.9159553303009285,1.0290115513724432,1.3277591674363831,1.3312415928355419,0.9255000102132512,1.311688454149874,1.3376071617711114,1.4131064671439255,1.2146968522373753,1.4108014191209188,1.561761626273691,1.2483621474935833
0.77777,1.5210953066470967,1.4859127388428999,1.1812463507385997,1.2424561954312585,1.2641698873797778,1.3637045049918401,1.269245619637817,1.5388916929792555,1.6195690273715557,1.265675559692908,1.1198211290470426,1.5354623726927994,1.2674940632569487,1.5274177949623546,1.3465585641818032,1.4689075881351124,1.5664413673308868,1.4744580908168317,1.349924029527574,1.1304725832276068,1.1052924896880612,1.2538539372497437,1.3210000339710521,1.3617881233988005,0.9958968744597939,1.2593636335717966,1.3492489210925975,1.6037413907475886,1.6272753417470374,0.9555080384042194
0.77777,1.2818777476982184,1.2911642352934452,1.4254015462912368,1.243193424182086,0.9662255851996567,1.3313682847690083,0.9555336194222469,1.0858774084965348,0.9391281909677761,1.691409412775292,1.2324872506046294,1.398364443191731,0.9439006672920399,1.106642633908478,1.111436810992575,1.0888922921813695,1.2099736793911924,1.4712748245741898,1.8377022211855445,1.3463925944828399,1.001886513938187,1.0804846827493446,1.0271657599638186,1.240892116492904,1.2787047375112177,1.490577742218379,1.4267143305288073,1.2895471160526515,1.4261082166421701,1.4634182982667527
0.77777,1.2273545917872974,1.134728906918934,1.3031930066220998,1.2668026592300075,1.5674896578884372,1.2985311665350445,1.4938885666505497,1.3879819256831132,1.3946546353645153,1.453749516585904,1.1726067793988928,1.4680973801842587,1.5170534005822005,1.1623578343431675,0.9601698709736761,1.0859157443630736,1.197963317010767,1.241554996884009,1.5142519791975284,1.0374895298217546,1.2704956329406418,1.4290017061590352,1.5963859865037269,1.2311225117583204,1.3332149815305434,0.9113488945272057,1.1364596978060033,1.835433924913828,1.2092611697144606,1.3073080579279186
0.77777,1.2662593622758633,1.1905161225451355,1.122065139594058,1.1373265578999818,1.2080356068555036,1.151959934693814,1.3571614967089753,1.304634211786018,1.0948217521179302,1.3636917833537288,1.4002264482576867,1.439113256489984,1.8466730741274318,1.2063124643573446,1.6111326998338809,1.807202587686325,1.6210053116693657,1.354195950821801,1.0999591498438188,1.1380739909076145,1.7297749453515143,2.2540552189798624,1.197738388202779,1.2121630909797152,1.31648165505576,1.1318242286808322,1.3046628863602385,1.4190955333096364,1.47572654276915,1.5566577274993683
0.77777,1.087143225158558,1.153407765254768,1.7893977421613283,1.537675488718186,1.2848489785321038,0.9930192013589126,1.2986659973175902,1.2509403581007266,1.8286130597060462,1.4971348514230756,1.248085550205637,1.1267898576456037,1.2356877672871895,1.8960842591441456,1.1496836604773046,1.0120083327209461,1.2919571056457413,1.609888072929851,1.1796987288863823,1.2639572764695686,1.4959879355080692,1.4601349362935658,1.3298665919780293,1.637654421583195,1.3842203723705406,1.2951028631741186,1.4041825021119805,1.175302131824659,1.1608609315731144,1.1225955129419505
0.77777,1.1809976099935497,0.923075241773978,1.1716965865663653,1.1153462345908478,1.269348781153725,1.2929762031451197,1.467426565305066,1.299943901729356,1.357190570001872,1.3803166668741587,1.3680400832763822,1.3486713303902353,1.2366068255560723,1.1189330348175701,0.9503724841723566,0.9623903025718813,1.2093548126980818,0.9754702941018499,1.2308422874640645,1.3627964330620412,1.288581907651419,1.168941959358961,1.3276981589749162,1.6087245109728419,1.3614925543789176,1.5472871766030647,1.334160494157797,1.103646845116007,1.2876488298904958,1.3847524224284784
0.77777,1.210792144328883,1.1724764485430994,1.5713373339600396,1.426696255821193,1.276395732617204,1.2410884214181626,1.1699138792502677,1.3381426834545447,1.1815621520461652,1.282737516594618,1.2534064743084352,1.1941218419916413,1.2118409065256397,1.1004354211795178,1.0626020747089933,1.181640595635847,1.507561984326906,1.1682850861195355,1.4684173816841,1.248062171981039,1.9400607709156095,1.5164689714291593,1.1786821649633192,1.622321027229334,0.905520931797599,0.9171776102730018,1.343847743534,1.1904167828758638,1.527357773656781,1.1968315080314977
0.77777,1.1842781819733268,1.5187303560500143,1.1968096355391948,1.0726398665805013,1.5347021771488953,1.3895021782696078,1.3137694891495617,1.442456651538198,1.46065414378675,1.5190113625969532,1.3757582660602417,1.3696334396705963,1.0204997261153863,1.279563261556558,1.3582759913558875,1.2714011179139473,1.1933891835327262,1.2450155259711104,1.2060967117429031,1.0613309997604379,1.2620479086781766,0.9994463766442456,1.165180270669192,1.5507853724100666,1.4430689445334814,1.029159615156612,1.2935529567640827,1.1222733533467528,1.5158358927302389,1.1739010979567968
0.77777,1.216642988923757,1.4220726350939599,1.373684703728407,1.7920775404063003,1.3801277810184163,1.3957335205622707,1.3081781200006708,1.6559595450281142,1.5672241082345202,1.2785047333249933,1.3115107915114828,1.7877379237208215,0.9708848934469678,1.4692987002452282,1.0956350916044157,1.1100128753871048,1.1920505705044728,1.0756941252693344,1.2633518202102088,1.2766823056070347,1.1199636152174237,1.0869545016796245,1.3008671665630203,1.275591279537809,1.372267663071771,1.1774241585166179,1.1581457724870508,1.4097607917858268,1.4644073143413776,1.5898433092486284
0.77777,1.4862738838964766,1.3057782285272337,1.161997368775936,1.3718934092016046,1.8212799486755593,1.9041245936607858,1.4864394769381184,1.3192065080832942,1.2204352843787614,1.234625609704734,1.0853781390460027,1.1512584780584036,1.226414941545684,1.1006543864541698,1.2135365350489271,1.1254305488509182,1.0062651783649186,1.354198527465118,0.9795663927188595,1.252354021835929,1.4008234706857146,1.2879216254707941,1.2529061051340635,1.2212877602159693,1.1758898727734024,1.7538076752304772,1.148082245321545,1.3868358338519327,1.4022051031649856,1.3215313341088937
0.77777,0.8552507856285171,1.3954620756951903,1.0140232180262165,1.3078109477860254,1.0498151882265847,1.1646262299336068,1.0616786543441556,0.9797250328993033,0.9728182435043856,1.3071301907982271,1.2805973125551071,1.1847433860671297,1.0356230831264193,1.2440192700567592,1.3726548271687737,1.293218115445887,1.2054991393689092,1.2654395507530902,1.373464065629417,1.3335566986889638,1.1304521232222289,1.5436713882164956,1.7789142126174682,1.6969634507256561,1.2266742811648024,1.0823781364494018,1.2149682874560204,1.308761876319149,1.0968345046506005,1.3507667495598237
0.77777,1.573847496812471,1.5186923630604368,1.3972726969116156,1.5273864299156175,0.9425503115992612,1.1099941807416238,1.258131635558973,1.5798173550466323,1.2402510915706224,1.1093144061740898,1.084865444698236,1.173450643973756,1.0708993319323987,1.1549007357476835,1.3516475148269989,1.6573215515016368,1.091099079722311,1.113278783690936,1.3831174958225014,1.1651765144366926,1.2526288387280955,1.2238191082008112,1.3589186005063447,1.2790426001553097,1.2226302763027364,1.6275781180843425,1.2491217919816269,1.3001766607252427,1.2492366896172626,1.5428743008657335
0.77777,1.3098945124286372,1.4613498238500608,1.4383971897112577,1.1599276318507163,1.0633718236905396,0.9700214396282523,1.1155211379803718,1.967456273553852,1.2945915241243073,1.3783372993973972,0.9463702363329181,1.4182769191211755,1.232003011919663,1.3207181522292097,1.376802821400969,1.1741994679366965,1.014020513619285,1.2667063522837256,1.7376817254034322,1.285349580268946,1.495899367130491,1.3160524108329545,1.146541127018643,1.2769919304766355,1.1281336827603134,1.0673382107380431,1.2858960519092686,1.4456336344636573,1.033232434750376,1.0480632051424477
0.77777,0.9769104931968186,1.465676068262979,1.2316679599352418,1.5678948457253046,1.5356020837213977,1.7959386600263432,1.270779990786447,1.277334283270999,1.3908340360524492,1.110840988031593,1.3230670327605398,1.143084595288654,1.2414610291275825,1.4128505147286718,1.1123221609883802,0.9829986268995341,1.3016267743723624,1.0487010475484417,1.0074423366244196,1.2475636948759599,1.138871932314402,1.2179244823485278,1.5113757008296027,1.2567357835118464,1.3533931119207048,1.2811241612598188,1.7273923175908965,1.3655044191896437,1.4107712622294224,1.37031060388363
0.77777,1.2551262034370068,1.4288554791532573,1.189061804088067,1.2618570582457955,1.4189031543994772,1.1941238008158188,1.2162702059274426,1.3637732334279988,1.1244156897448965,1.3816442722218205,1.4529029720689708,1.561685405825984,1.5283169153496725,1.2113880385475897,1.6149240437578207,0.891621685670183,0.9169613235106752,1.2140464424701027,1.2677992285000521,1.1506774746983317,1.076677630674693,1.2614018775075393,1.3512997649081384,0.9511589822034272,1.1548436619944766,1.6042219676729155,1.2531843182203668,1.1406799467712714,1.6228898147301591,1.1771318537385338
0.77777,1.6179856811234743,1.5906334207869346,1.1896424339363487,1.1665949707090915,1.3311851192926467,1.2846385737982742,1.2859671278750584,1.1393381570035048,1.1953731124640525,1.46520465881947,1.3350994960789748,1.3856036026355474,1.1929034267964733,1.4707090566631946,1.3462456371926255,1.0906166891251965,1.2027294265072002,1.4901485870178515,1.1151328639387557,1.0455970257620273,1.2628881998039603,1.3232224071744214,1.5572560901246053,1.6132167399186392,1.3637753460460016,1.0185359180158824,1.5099861195913828,1.389378630888511,1.268249624581723,1.1647973954304276
0.77777,1.2552553274443035,1.3708130946006842,1.273975968095273,1.2025105344405016,1.1399542886648053,1.277848644722669,1.2470097539024738,1.5581585935855462,1.0142643632669035,1.3426800293961791,1.4006533202897706,1.4777973957701989,1.3363612109288583,1.2979129163176024,1.6701114678203162,1.4412277845593557,1.3017689134538162,1.5503525919021164,1.2477609095249425,1.1723620170618776,1.7131963133115682,1.22652775499863,1.0987887609040639,1.121748918150945,1.397996805450289,1.0822501181001882,1.4523606809698408,1.1385242156356987,1.259315907903741,1.3061019110432195
0.11111,0.651507575284625,0.7074786886774446,0.825656015477106,0.730986730674007,0.6547994621092421,0.6506896953457258,0.5631579410484092,0.5395889497666881,0.5549820140769284,0.5745105618499592,0.7834140216343031,0.7862283627320984,0.5433573234423018,0.6415729262385084,0.8206809034723184,0.7915925069164158,0.8218302688553994,0.7795189287652196,0.8596460014442436,0.6047764342906634,0.87673167956359,0.9277224174176424,0.9272128355145076,0.6956348898965579,0.8049094819659174,0.8406266552406301,0.9743221651173383,0.7130522305518758,0.7000660045728495,0.6945701632383022
0.11111,0.7407086969451879,0.6399417817671114,0.7335729419663544,0.7150108943562117,0.7134199315738353,0.7109407848345122,0.7742759288850882,0.6746620323304303,0.801292843564589,0.9192330027029811,0.7071915771454036,0.7658553496205127,0.6684998178872498,0.6466752853938598,0.6349300414783847,0.8736842864857038,0.6856086851381621,0.6588842959306276,0.8769297768604873,0.8709515394754614,0.7719821864582386,0.7893910809947527,0.7403623372850664,0.9535651117562608,0.9786451862218318,0.7353781568629881,0.7431586289020444,0.505747542208365,0.6231067819441838,0.6550941871663534
0.11111,0.701216409227682,0.6125768089007068,0.6220775956561343,0.6111063424097896,0.7389554027737217,0.889622180191074,0.8384425882583023,0.7925320849973614,0.7050545840341021,0.7642154617681238,0.8710734732592224,0.6473547656130775,0.625762183642181,0.6525512312756272,0.7182869808564447,0.7478368869534084,0.9154769964990986,0.5945220209159814,0.7682983021635728,0.7711067298028275,0.7834185624669141,0.7669290244000995,0.8345009963156897,1.005678537546044,0.7798937812836628,0.7141363980948509,0.742246460214232,0.6910491753784568,0.8306930881337227,0.6237138379811695
0.11111,0.6529151450499991,0.6741594966583474,0.6659679381350492,0.7298909571661989,0.682289062108624,0.910071934455471,0.7583513118536004,0.620002508012772,0.7018498972266358,0.7597918464432559,0.8068471087974611,0.8672541743592782,0.866622943453891,0.7003072273420703,0.7102179996121937,0.7365263181154595,0.5726154356540867,0.6677909618509883,0.6899111806696565,0.8349986281132501,0.8474900154256078,0.7222060841908459,0.8162122623905235,0.5898489592042979,0.9956409920192965,0.8052935584339621,0.7402412978399254,0.7445781460805165,0.6582361696690223,0.6279533288307124
0.11111,0.6793059354914285,0.6676731759243834,1.027525126652521,0.9820753845875734,0.8120610984135948,0.6463882994485385,0.6477435525744234,0.5839280071371885,0.6832432671063104,0.6980560462680766,0.6482098585878782,0.8799253721685939,0.7632814994476962,0.7453013388990515,0.9866399224741332,0.762217529461262,0.7378106328408934,0.7993364405420185,0.7924363857791903,0.6565915522415916,0.7080073877686693,0.848344934275014,0.8636085964132982,0.8590947720653102,0.7577673597664059,0.7528927562432426,0.64154661802174,0.7181103430573497,0.9346811165340944,0.8904571111561456
0.11111,0.7630008269621672,0.6663662647881179,0.6352919993362548,0.7407492625659863,0.7237748682903737,0.6247026959533344,0.8551349449517548,0.7585030088900896,0.6495616646386748,0.8407504230014524,0.7375054385555524,0.662487328162074,0.77932596596181,0.7592224606321317,0.7519413550522835,0.6856482692731155,0.6645245739203941,0.7666264616576062,0.7136005275479377,0.6097303829878218,0.6718657133227568,0.9609518814983697,0.6410614283589694,0.6697484389111766,0.6986161575874787,0.6642058903466384,0.6668401079112618,0.7033867305057951,0.6307936404990463,0.7731085974659229
0.11111,0.7567878117359365,0.5178793476448036,0.7811664166828308,0.7374036543672371,0.8292803924360251,0.9696546353433865,0.8460467934401187,0.6429797372452928,0.7023944813808812,0.7339407290524091,0.6666825834190206,0.7153513648663085,0.9097267575808368,0.85193731149744,0.9180945308443732,0.7867119123024264,0.834221948311664,0.9033352284628905,0.5565436932625141,0.6516689383152326,0.755978297067498,0.7648338052984441,0.6982236955101333,0.8008820639622845,0.6040891359561081,0.8459875935902984,0.744865956165568,0.5648458159485237,0.7360305906103206,0.69506952720167
0.11111,0.7077357514966738,0.983127696515249,0.7650800549445168,0.7408368834414648,0.6613254441690887,0.736759742840428,0.6824284396153969,0.512754253640384,0.938404836792423,0.6767344876390129,0.590004233573107,0.8023556602304559,0.6264597418506982,0.7147816275291466,0.7287847657974665,0.5654378195653985,0.800353612371242,0.7411451571714833,0.8267518511976767,0.6770442260148248,0.7087263393273749,0.6680310943032579,0.7939356668669582,0.7436503309822757,0.6474170503398464,0.8729310253378403,0.760798151408798,0.7931914371024484,0.7365412644248853,0.6135395402693269
0.11111,0.6961615660345092,0.6282078372737269,0.8912166506424345,0.8844027022771902,0.8341924929158002,0.7417420710701845,0.7736876520197072,0.8031146215790257,0.7500490420003256,0.7849621630802752,0.5792096258343359,0.7877312073210357,0.827737695412948,0.8036214493858851,0.8037221530421792,0.8488563776429419,0.605161564861277,0.6551951143409228,0.958640727551876,0.9874473252226577,0.8651714749233876,0.7040891117846958,0.9523988746211294,0.9819859100226578,0.6229583765175154,0.8027619005140001,0.532236066074431,0.6766474863030616,0.6623239268628055,0.6048341014395703
0.11111,0.5093045931394226,0.5530153883200525,0.6320549848149054,0.6869803973547952,0.6233561571721041,1.0078860352179821,0.7888523766333574,0.7756431435724254,0.7499204801488636,0.6410129270927492,0.7496665845068906,0.731337992868076,0.8041875136299313,0.7861443277037005,0.6758474699348545,0.8175017638494683,1.0357316561073286,0.6405883874900954,0.5568015992610751,0.6174302603219579,0.8878282674707347,0.8684753459419859,0.7639833677757571,0.8495416426555026,0.6251038447345113,0.816295296072758,0.601400516241677,0.6379413908542383,0.7016878003954515,0.7145356052889483
0.11111,0.6230531454569408,0.5960852336289322,0.7736252161901268,0.9801902719520093,0.8014558757601409,0.8678246215518239,0.5859587739106057,1.0426905194616907,0.7045555553743562,0.6307445199445675,0.7692137481405024,0.7557008954415847,0.7198714845864688,0.8246148800873457,0.7516689506736633,0.762378716523032,0.6458972873051856,0.8414216404239445,0.759400757663003,0.8560028268362805,0.6743510022321565,0.7315742635420727,0.5498134928442574,0.6122587181199022,0.6588165970134939,0.767483618167136,0.688794118451056,0.8613310034385768,0.7655207298024999,0.7583079932620861
0.11111,0.8080945869371642,0.7095943270699301,0.7508905031883676,0.6104944132603451,0.8899825010431552,0.7316846111746473,0.722766250151965,0.7534175736694593,0.7422736253392389,0.5872047213236853,0.7674684059071174,0.5432450405596755,0.7290223498996244,0.8450920979073767,0.6040300106475336,1.0305000685103771,0.7267206457430079,0.5163062428389352,0.6745133894948462,0.5809084490954172,0.6949220749548597,0.6533453243446163,0.7084534011466431,0.6277133504376816,0.8336113844243602,0.8384476957116195,0.7848506528862322,0.8820394295954291,0.7379290472507606,0.7297344313080494
0.11111,0.7654320353595726,0.8997658190627801,0.7226126694776419,0.6005754046747109,0.7762563700088146,0.8201968539097856,0.7992186018067167,0.8308247490536934,0.8032232450257427,0.7142464691523901,0.5980515463854361,0.8266509534324893,0.7593638765979642,0.7555102384772244,0.5840127214994694,0.5476787457741715,0.8374320833859275,0.9166233579576407,0.6576216276120498,0.8088238080154401,0.683498002969767,0.5755154251570563,0.7232793249591135,0.8212520861125326,0.7052750475159887,0.8084867059302783,1.0149705544316658,0.6823798836471556,0.6767026919953081,0.5572619163192052
0.11111,0.9372337537185236,0.9150106874475666,0.7277694767431938,0.6452825547357889,0.6697050386892187,0.5706003621504787,0.7905920162609918,0.7145612043259397,0.6386126792581489,0.8315806706950987,0.7979546850219484,0.8645143473200383,0.8707514481401186,0.9135693786987015,0.8797679271691559,0.6680904201450454,0.9674110115685853,0.784370266475007,0.7940772227269564,0.7580156591607803,0.8811882112633763,0.8721522541429282,0.8227394078994142,0.9812575052027654,0.9431699178112578,0.9382874256311562,0.6726475803725496,0.8030959937331182,0.6462897100679166,0.6214859138251951
0.11111,0.7602380642048603,0.6264052381989497,0.712423397246925,0.7944479726918954,0.5837120945313838,0.7651741774231454,0.772727276187841,0.6111061403518478,0.6141898555673427,0.5782269605710044,1.1868993382081687,0.7309862856748112,0.8048929912152308,0.7166365051221641,0.7662484778788194,0.7401292964550656,0.46644274557011195,0.5637310985332548,0.5793789097615717,0.7207844461592516,0.8616915278127741,0.9775892703899126,0.7116813594238575,0.6104376758946447,0.8120525406580669,0.7856797321959667,0.5848943913687674,0.5783799443224771,0.5404989445633855,0.631740897196522
0.11111,0.7949774837342738,0.7084623167721497,0.7442132736775863,0.5373734050754373,0.6875762669646631,0.5756337651771366,0.5644176554081483,0.678342642829916,0.6839415880160754,0.8422235143491917,0.9735730364314047,0.9255004636457117,0.6189028283298706,0.750602804600285,0.6492055624646211,0.5999194401970293,0.8691721763182392,0.8750191520002262,0.7302136752927325,0.8934557289726561,0.8615508194660159,0.6965715370341836,0.5865747471430844,0.9020411990006738,0.7396535336422304,0.6822061197611293,0.7206383111191774,0.9212319196829059,0.7795536210213214,0.7569638323265596
0.11111,0.7305519622838693,0.7405324723612676,0.646885235351554,0.6782632615888424,0.6816488465351764,0.6748543892124323,0.827200250381291,0.6254448847831853,0.5576255947989153,0.7031382857225548,0.7064389707608634,0.8596349187061814,0.757333776138216,0.6917572374522944,0.958643689540494,0.8306909353161351,0.7419865275259082,0.536075273924023,0.593873110641774,0.5994718580687126,0.937817525642086,0.7723755815107054,0.7528611518711019,0.7916312704182897,0.7640705120521231,0.8210182093421875,0.7947120146885361,0.7783861189749995,0.6971623562621195,0.6249607759784144
0.11111,0.6091592524499011,0.6520270513068422,0.7826277449208587,0.8886342355368175,0.6389793989919649,0.7949958745016191,0.8663947338989808,0.7374315537597581,0.8492509129260075,0.6691727693569537,0.8175780128820437,0.9390899700068878,0.6539283269801874,0.7257969379162442,0.8001242473298479,0.823275690008672,0.9052973491936713,0.7915602321639006,0.5401930462681357,0.8596980331392263,0.6794756900509868,0.6856106567293827,0.6994686704131514,0.7552086353443143,0.7318535470090585,0.7839893387236471,0.7338220746227705,0.6880426715920339,0.7807694655005972,0.6861126962163041
0.11111,0.9065380855712618,0.9522171926470111,0.8795260578757208,0.661181364658083,0.6873175926992924,0.8680155019922943,0.7051620440814862,0.8341997051099278,1.0331840878462453,0.7920010113759998,0.6115114093523426,0.6462413223277602,0.7974102755611245,0.5777151061759834,0.58495508389465,0.640242955068959,0.6945852285151296,0.5259977559094318,0.8437690658653989,0.9662215309380245,0.9287554547701572,0.8470236916564314,0.687542105237724,0.7621126644036958,0.9098348110003055,0.7456487402447941,0.8461426692000238,0.8998408173713753,0.8783848058604773,0.8291290079803662
0.11111,0.7829957296276502,0.5752286163190653,0.7737424273513653,0.5705783770475692,0.6442892137711526,0.6388808272904463,0.7425659180207803,0.6730786021353748,0.8196942545064845,0.8086488455167223,0.7386584334415384,0.7329859819294862,0.9416001047116295,0.88311733772145,0.8283021464379893,0.7973535134699644,0.7044151032785723,0.8568459106832176,0.9331037592779642,0.6748475761531978,0.8351231732543443,0.8481228099689653,0.9467425226212323,0.7505714128257259,0.7995041660741833,0.752360353423124,0.6647013422132559,0.611626468324683,0.7862492412274379,0.7748077437077031
0.11111,0.9378999717817498,0.6720140537240984,0.7270052417278005,0.8114002629550942,1.0728212627857685,0.9275363860484802,0.8275063158644561,0.7899217117609598,0.6345977479435858,0.8176526744848518,0.7152346055287396,0.7384756353714799,0.6330929002929544,0.8012727349509832,0.9178318355761247,0.7490093243573493,0.6221049440875612,1.0101458741912006,0.9440356491956962,0.8146264165675808,1.0185424451435856,0.7499420787923405,0.8257918666442302,0.7965208486292228,0.7070369467455152,0.7317924087178942,0.6599018726593503,0.5845732135124948,0.8651701165460369,0.7622316022987533
0.11111,0.6113887702833288,0.7159728223649827,0.7263118536456357,0.8058307757053791,0.7798810413305151,1.0460064606025448,0.9674689872689081,0.850583835434605,0.6670616415629516,0.8161898259477471,0.8013112648531663,0.6531662914686265,1.1043612668995033,0.8212288431823432,0.7069449772265088,0.8815953780254746,0.9981102165134841,0.7311791070281091,0.7021872125725396,0.6527035464985098,0.9021076708178197,0.8164331978308319,0.7048914895664233,0.7475791165910114,1.1003590093748274,0.777908612178961,0.7636059806870571,0.747356104325214,0.6051438428222917,0.8380583648960209
0.11111,0.7397370407535228,0.6107394162879362,0.7744207436363972,0.6398425273124427,0.7621030395419943,0.7250495458381118,0.829989055902363,0.8597015651531722,1.1039238550464736,0.8352989901005153,0.6408354928596994,0.700513239979561,0.7357109177316697,0.7931186360619753,0.7806267097361329,0.7657559373742607,0.5818335943355183,0.6406654076296171,0.7247958143503742,0.7608035799997696,0.7440694519168005,0.5514135214948265,0.9380773746855616,0.7104287497553055,0.4987987914842143,0.5575473552753315,0.5535536456437127,0.5666222099882505,0.6001746157633877,0.6687456037788381
0.11111,0.6621767381176973,0.6098705018616041,0.7835661829178027,0.6969456049996563,1.001971706299006,0.7928893453741678,0.6100172008223959,0.6825822146834123,0.7771466469624064,0.7548599339257548,0.7983576654191399,0.7935191844971444,0.9746848612637564,0.8457978203069966,0.6748445209599637,0.7235039919157605,0.5505741841438563,0.670001221043833,0.70825363101782,0.6629651220079087,0.7165642609250479,0.8086349292086256,0.8513690489498169,0.7331330769317906,0.6280926166020625,0.8572158879024184,0.679317180613961,0.5627392929993256,0.6612527495833708,0.8950708498970071
0.11111,1.0254496888106666,0.770966300664049,0.8150992919008713,0.7101472930678849,0.8172844956512456,0.8752995698527981,0.7495962862283213,0.7697328832090656,0.6529739772422624,0.8754256555922885,0.8000688405800108,0.6794826000010711,0.5847797659423201,0.7277578899968254,0.7970230934770902,0.7520621850720004,1.007634757953496,0.774350266507839,0.6987733890925314,0.6334064413728128,0.8331616894839747,0.6700534290657874,0.8685677901336814,0.8047645649428734,0.7893992444101366,0.683529518007837,0.7380589143632827,0.660489610460532,1.0145739046419315,0.6724278728856045
0.11111,0.823533349360491,0.755438022046124,0.7613107101207393,0.9159982217146897,1.0382944681192428,0.7311314604908309,0.8978474192271426,0.9413294554601874,0.6111488490798428,0.6771724005959975,0.6270042761065004,0.6768709645881577,0.9341449548595623,0.7108672583592994,0.9602484743876435,1.0159950090075593,0.8628705085477701,0.8652434730664346,0.7330103922717769,0.7084970999726298,1.0769418384658116,1.08663487698913,0.7687445277672391,0.6056426970487357,0.7134017205726607,0.8450321409907311,1.0447082315460305,1.059248680507052,0.7864586949177949,0.7310184726437349
0.11111,0.6368565836105093,0.657555855329423,0.7044985812716801,0.5158866349212947,0.6606164195234174,0.6962475495136168,0.8467202781552849,0.816030143734825,0.7349471476608084,0.7584044125530276,0.7623938709153842,0.9062551473037441,0.8802481721606021,0.7935120086883247,0.7181483695142189,0.7064204943016771,0.766062319990838,0.7772747743870475,0.6929718851632857,0.6392502531433748,0.7128811530912412,1.089386146011924,0.5841689955507475,0.7918917405340996,0.8022044467215511,0.7571167671634457,0.738095917704967,0.6656937529167856,0.6176830222671496,0.5861465848473663
0.11111,1.0022108529779439,0.845424377498707,0.6266521103544824,0.5760714547505863,0.6176548682569132,0.6874621303983371,0.6856446776362346,0.715137592899764,0.8241199718085979,1.0125151411788966,0.6834966250793887,0.75940118780815,0.5624830220404036,0.672198847074241,0.9142527120558623,0.8671832877492593,0.9451779695301675,0.7161603671064485,0.886303292065447,1.0541702449904853,0.7746917126591008,1.0877914479199458,0.9442031910700963,0.8397933491797308,0.7278025234632781,0.7685837823969057,0.6665530056445319,0.8057314072723926,0.7668285944646419,0.7120573169337107
0.66666,1.136267897136289,1.2330829732532207,1.367015092824162,1.2499130174805402,0.9339265598586508,1.2854866545305315,1.062180270836447,1.0966630910104633,1.122598101044211,1.1203489752264266,1.193945412763248,1.0944044156861525,1.1515130328561034,1.3176652448290684,1.0220937641240717,0.8220559091550513,1.0546970131306836,1.1711484544276418,1.0022668249470006,1.3185541633285844,1.1119130166751652,1.262210293831468,1.1712776492473724,1.3132298354692071,1.0374787076399643,1.1030989185884466,1.2938450837437758,1.224977452480481,1.2693586595406399,1.4058852694336046
0.66666,1.1163192240349276,1.124578357065591,1.4651000552608742,1.1999998275589832,0.9945265022183407,1.2112340297329478,1.1194197077931487,1.0388453520935874,1.0164339847117476,1.6454464743983244,1.1429007900471475,1.2104589677819242,1.1142500954361043,1.2029823085013647,1.1680626569335226,1.3835547362449596,1.3334367030695695,1.5520226395828598,1.145101932725017,0.9916209378683518,1.167588832948005,0.9760937379926067,1.2325442638330162,1.9102929377729627,1.2569572769890711,0.9586924590714332,1.0932483635887569,1.558921942613903,1.2848067048962388,1.119442334038969
0.66666,0.972836806528569,1.0299721754438567,1.303939296431775,1.073316144632419,1.111010168305232,1.2675826101476886,1.151611946913872,0.9436457477762115,1.0523550893656675,1.3164849256149864,1.276786415982997,1.1256679252707793,1.122789087163785,1.1896072736723085,1.38053132744163,1.344211884961144,1.1638820138535018,1.1365138719181436,1.3634136219874093,1.1381270977277615,1.0867175258255064,1.2222057203536132,1.3447420152267722,1.1023153138071673,1.0488992920985352,1.5893268527220452,1.173208408173603,1.296112054949738,1.2126656491993648,1.0724244469318054
0.66666,1.325997646529761,1.3131020142382384,1.2363722806357136,1.063546331116917,1.0478775174712096,1.0926238442406393,1.0844089605521752,1.1755723724665215,0.8724042792994191,0.9824466551549271,1.2544305827271183,1.53951119254964,0.9770794080655246,0.9079370659498183,1.140482108633829,1.0595097631117405,1.2182860532831925,1.0913532919506352,1.2507041766040592,1.3334916181072132,1.1107391203137813,1.2889946402588586,1.0140631622462246,1.6713164841899757,1.0390815122296706,1.0766152879691178,1.1089388692270847,1.0867438863397674,0.9324377657030943,1.0747063060743047
0.66666,1.4151975570943753,1.2826716070926574,0.9515073004473413,1.0485438791556752,1.0432838840385077,0.9997094622003145,1.2643515581984255,1.495816127633179,1.1140880600226177,1.2021900948776165,1.4102895616262998,1.471533078989227,0.9537994408528101,1.1838073248250605,1.239973422861151,1.1586129332285655,0.9195625058121283,1.0644923822895624,1.1447541884171226,0.9726378827681733,1.107826047265118,1.0626740618577284,1.317859535349823,1.3650309127175841,1.4445058193370703,1.8464864760736728,1.302856759383403,1.1169090650498927,1.2599077083290668,1.2530516118100945
0.66666,0.9972878147081176,1.0631222870753172,1.3036241416838488,1.0166193317328656,1.1590602606481015,1.0104084354749834,0.8186178856552976,0.9371101132717927,1.326014694338197,1.223532123832477,1.00018304745638,1.0091990813907892,0.9706507121439026,1.313546497614241,1.4350084501612534,1.5432191421090966,1.124641795272624,0.8166762467085262,0.9516353071814807,1.290286138450605,1.3196032691943245,1.3248717139539787,1.262828649861709,1.2082978651332081,1.1255170696380015,1.2681171336664518,1.0128514369714647,1.335253161201469,1.0875477093747017,1.0403498031713698
0.66666,0.8744852591201693,1.2848747097525488,1.1448932005405346,1.4582400615121274,1.283567560066635,1.5556908941849406,1.343504527857982,1.041920923121643,1.0776185719688676,1.167119849332314,1.3740689013077612,0.9154990994012744,0.9004311669349123,1.1332292516400118,1.2892052366104754,1.1299609416901328,1.3729131468126934,1.0345254908860744,1.2574042111479247,1.5082446124968547,1.596165907387943,1.0118675154371668,1.126370565003322,1.0934728767682944,1.2678596855509696,1.1411325822039546,0.9023661623963461,1.199961114047196,1.288644001946944,1.3014608623028134
0.66666,1.178084979878858,0.9254994166543672,1.120719837052481,1.1753898250209849,1.2210586569105761,1.170932311708972,1.0265417977078461,1.227340833695445,1.209727721134213,1.1635817536598574,1.2260815195883674,1.3043573613973813,1.1726656567516545,0.9285105149364051,1.1256882925896459,1.167453718657237,1.308480274604128,1.3687090892291895,1.2690395147386597,1.1465456700967336,1.1208451919431361,1.1082934664727975,1.026927104115574,1.0704678529606955,1.3737799658814267,1.2138244825946691,1.243170825954716,1.1748902098723466,1.1952804455037678,1.3349632383604024
0.66666,0.9834392567479441,1.8048877669605896,1.004163116083711,1.3571704915479381,1.0545575198573982,1.2040001327443965,1.1623575113719187,0.8257435473772425,1.076296213162476,1.1886360917778211,1.514154963821963,1.3653087724654474,1.1091965706576787,0.9770742571568571,1.360976433332117,1.1758905514721278,1.2134880853477978,0.9032412335117479,1.3986567361373146,1.3008736927980487,1.2019455664595127,1.5454640391498113,1.2788343489629541,1.0114459342959325,1.2021063835372143,1.1858290842438468,1.302565934000174,1.0482420231023228,1.2760723134080605,1.1009398170873117
0.66666,1.0107117739486668,0.8050066520736925,1.1410321860947068,1.329223232584492,1.1869686572720746,1.5413455599702162,1.147077006437761,1.1514744907900127,0.8887710546619876,1.6648675875488914,1.156978470196142,1.128643333934668,1.1122160963476686,1.2911811622946625,0.9905700531307742,1.2191350423574705,1.3292104642714935,1.0256701195348268,1.1131514561997082,1.053324097236633,1.4523616025938053,1.1784099805049322,1.208554196686352,1.0064354894151177,1.2337683794425924,1.2492749939672703,1.1404977732820432,1.0272808672219589,1.060447909707718,1.2537898548595756
0.66666,0.9699385291423422,0.8329350748855853,1.2673789892036382,1.3267029266948855,0.936051418671287,1.2503863796193424,1.1200742786516418,1.0699193986815885,0.8091139874572962,1.0487096828610742,1.1503854326478038,1.3114361352423891,1.082558010300038,1.1099610462148553,1.0400538394028827,1.4119904537977765,1.131631610326089,1.487400563006328,1.408993529374945,1.0804357442851742,1.0509689794189696,1.656899010294607,1.3024830282483209,1.0599938274489453,1.016288758041841,0.9651864961265921,1.2458240442684432,1.2277999281432963,1.0409200839182764,1.1221737965770728
0.66666,1.0899414748735634,1.1054347029581242,1.3313547078925896,1.3451357088561855,1.2694074509365711,1.4334706712506535,1.108905220479971,1.0443206117783244,1.1106046973700878,1.0768572092344568,0.9436482785178794,1.2176326419852728,1.7956542029293514,1.3687870180134192,0.9869742920944145,1.379120146049036,1.5546750625239476,1.5213065096094138,1.1730865947356957,1.2349395953144457,1.1788007325962142,0.8952954666327521,0.8409835825756854,1.3382742779206236,1.270063054366716,1.8844157385916,1.0039118404227378,1.1604363174337313,1.4005989853991823,1.0318268735356868
0.66666,1.4612368283005737,1.0960230978499705,1.0340384409934784,1.1599083916388966,1.3857932858549,1.3443605118359538,1.6213983083195314,1.1407895366742282,1.1024310375637525,1.3175398273405867,1.478951809273231,1.1919990383366332,1.1831722025408644,0.9102257536133606,1.282292756200736,1.1660853169931462,1.1071434067778831,1.1481705195726917,1.0303343220035162,1.0358261781294806,1.0163751845462512,1.1127897166026073,1.2813268108203768,1.1972167740113575,1.4452514240378778,1.3492035779723572,1.1892295749255009,1.4787696876045515,1.0691156004438913,1.192024295509612
0.66666,1.4741764245099152,1.5091026323031822,1.1162760012160493,1.148319945016957,0.932018114747764,1.6171708440262544,1.4467222614867405,1.356491975787121,0.9028449167993796,0.9974663429074092,1.2984938583191237,1.2235974822821132,1.2602033551849958,1.372514663230976,1.7074803598444754,1.8267574858321063,1.162419353957269,1.4149781405037472,1.255127410490531,1.2047923511891268,1.1871223963237514,1.2984465742674078,1.6113793582714144,1.3507483914138148,1.0128363691415732,1.0895027973175833,1.099681975698074,1.0152060204046462,0.9784334800389415,1.1846601303992448
0.66666,1.306907342766482,1.320825570769017,0.9568599856176886,1.1460713974627381,1.247216947125397,1.4639282496300279,1.3458510335705456,1.41538435540094,1.030586481240069,0.9352649289033648,1.0894090783536239,1.0406913413405392,1.2387667724991591,1.3121896502009405,1.1130121761842864,1.3448938663064072,1.038515421864085,1.4178899458481236,1.366957489787733,0.9540004414563394,1.037462587526884,1.1611679804984554,1.3574059049878395,1.1374530962256388,1.1218223253635495,0.9734464984486052,1.0035461089671864,0.9558859587748465,1.170203518785978,1.1818570989453898
0.66666,1.0101073901637847,1.0950273466439109,1.0437963236210352,0.9507324490212695,1.003834716574169,1.344666761660885,1.1982424907482572,1.1541976806002427,1.0853396298393705,1.0195902166518613,0.9666429448114474,0.9608063525370774,1.1842991004350643,1.017944540503098,1.4507503373670845,0.7968327640289925,1.123675291673873,1.2454181835694154,1.2005413722374845,1.0588509769018462,1.056514359926583,1.0120691555455248,0.9935827481751532,0.9973993418496025,1.2474525484963779,1.3097270764092785,1.0767881018397176,1.1084526445819722,1.1829015273453276,1.1818994518452
0.66666,1.4686784495190857,1.1788639890534482,1.4730484741852368,1.1431078559189145,1.0412716413823735,1.5678642156886917,1.7122862680684057,0.9155243898584525,1.4526381100534178,1.3549352301654027,0.9463967194186639,1.3029759963459189,1.0008920095208704,0.9719425680237098,1.1287852947597776,1.0778586759200395,1.1423973779188044,1.0331367832263256,1.066220608188507,1.0928754372437028,1.019025338801402,1.1237852350503779,1.2040367949417587,1.3500532727285708,1.562075412367603,1.07495332039106,1.0829662651091745,1.3628954942325262,1.0588766114582264,1.2486809554425518
0.66666,1.6153302453062823,1.0577456854290992,1.0707067282121479,1.0227211664136164,1.1839960896838637,0.8893642732840992,1.1927482262863411,1.0776416341654271,1.4037914057018002,1.182318922690972,1.0716966618718111,1.1484006353909049,1.4382652324665985,1.1671751271736683,1.455906459766166,1.263593493118019,1.2580661775280035,1.0194706542697842,1.404400530593557,1.4165492522086127,1.1426756346025497,1.1116819236346172,1.169282197258028,1.1143969942958036,0.9895267137546024,1.319464619678367,1.019452935649541,0.9601712329365824,1.143656023945912,1.3505431230890392
0.66666,1.1560781588562015,0.9693782265156563,1.0138649686182901,1.30845289479238,1.0766430252841768,1.0871168974838985,1.4274789989550403,1.1576889178954368,1.0148746710132046,1.6107547427831828,1.2776745109480518,1.3657099836042441,1.0834708713466712,1.1789948625999658,1.2865876302054169,1.2833783585079206,1.1432270151046537,1.0433162826739009,1.0911989274553524,1.191223841673457,1.4065563799006788,1.5834654719338146,1.0578671536567894,1.0462925233040967,1.2701582530561994,1.1820083162389552,1.167455645533677,1.3474567429469244,1.233084386962574,1.3789530381268338
0.66666,1.1603357346106924,1.1114255501003067,1.050853674839348,1.630717091095314,1.0616749425137064,0.9805468539007408,1.40908002232667,1.3548983933687953,1.0155159519698729,1.7931176719849884,1.2047210779433062,1.1753899739779845,0.9770777699528809,1.0822630126459016,1.5844146847181826,1.5502100936795633,1.1344827263120936,1.1579247494925617,0.8945581107851314,1.1958078116235205,1.3265852829737521,1.4025655306880764,1.3040945787880187,1.0719390189788278,1.8409357551967271,1.2936294126131072,1.6062054107831945,1.4815498453776652,1.3850998201529616,1.2750322738300501
0.66666,0.924108928940147,1.251762376733274,1.1091798709944847,1.639783502439401,1.6186828729198115,1.2221259515268776,1.1659059724942662,1.2144253417968451,1.0695976575963497,1.146503569712463,0.9402834842940682,0.9032471876718338,0.9592001016222945,1.1339145879364572,0.9379996992843822,1.06081727425608,1.1937641851991714,1.4723251061066147,1.249471356251564,1.0555431736356093,1.0371657456801402,1.023966351981229,1.105746500004215,1.0007525273020137,1.0103390527345706,1.2379078418897698,1.1788742387254947,1.26251830718778,1.0784417289265522,1.0025297526053467
0.66666,0.8965290771896021,1.215675583017228,1.4659211548403266,1.2075032899851654,1.3435066272907097,1.0678339658135954,1.3838228589898847,1.173439482091447,0.9076732060459282,1.1853657222692051,1.2849178780079504,1.326246917496519,1.1029380334272894,1.0118145130866927,1.2181998257327418,1.1359635957208531,1.6108027441519848,0.9951624056290744,1.3709097571662157,1.1053066546131114,1.3572618250101616,1.04694129585858,1.3489651122123518,1.1457820907116376,1.2444960766075766,0.9426124633029552,0.9235269745434316,1.2271052926477781,1.1440047471206263,1.2339792368559095
0.66666,0.9689243417640421,1.0220298674262707,1.1803889800534995,1.005179635306859,0.7210445230549628,1.0702291415411866,1.5368726354648548,1.3159815409425402,0.7983248353192431,0.8962915243025843,1.6015388424938852,1.6267104248833746,1.0650652569446035,1.8408553696710435,1.2721160275818402,1.1253441948018579,1.1700877763702746,1.1943684022461893,1.424159115232793,1.0231491818374383,1.2157128735159277,1.0918180255370387,1.0792348456177077,1.2332045884352525,1.2539939178176462,0.85442485972309,1.2812900999333057,1.0744436638269128,1.2551838002580107,1.1298065055546593
0.66666,1.203350092659043,1.2260804895008433,0.9364561117914305,1.072967510507216,1.1722109074995246,0.971165684934611,1.0645639041777573,0.9699633959177997,1.1543960833181945,1.0780761471078912,1.222566342760122,1.278521549826022,1.6847592848841848,1.1701463599541262,1.1104972579074424,1.130768169370607,1.050256599646888,1.1515486031952904,0.9964464288340775,1.2062767564451187,1.1704119265568755,0.9136263881941866,0.8995608017981878,1.1066079964067455,1.236473604258297,1.0758294361216738,0.8635453514129109,1.257849832283228,1.0875294414079613,1.2828913387855287
0.66666,0.9902338465018199,1.2965326817919203,1.1620037774041228,0.8900431798417688,0.9365530848780547,1.049225340809321,1.0774677867280706,1.298235888344536,1.0907778630376788,1.4011493232560548,1.3773340642841732,1.3893384533193525,1.540405003393812,1.3363868141865511,1.2814798400740246,1.5182801555479837,0.9814917264519104,1.3524814044251094,0.9825142067518788,1.1622923958144478,1.1308644743895728,0.9239828563819468,1.063055398948182,1.090299140331447,1.4193739409948225,1.3184942577382424,1.2316266339435906,1.1931391846625652,0.8725001086096265,1.2237628450389306
0.66666,1.0629006796011122,1.1315471734655074,1.3504240478893847,1.2025428851363549,1.2105088043612722,1.050314915529685,1.0255986103483805,1.1124962842381418,1.2905330752199586,1.3240607695606874,1.3420933651843296,1.191142605661091,1.1703897010012096,1.1310516991554516,1.106649373174394,1.110027725466483,1.0260782143157643,1.289373955576658,1.3078285750600265,0.8134693487534426,1.0378655724509729,1.1211314495746971,1.0477152763056752,1.058544843609459,0.9013641644511526,1.175411019505547,1.110936485536784,1.3356912441563185,1.1844514667835115,1.2258421149717436
0.66666,1.336026906795259,1.166710339733224,0.9453795648806702,1.3118151896743306,1.2587565638268088,1.0543354904862956,1.1728524989483857,1.2153925956630103,1.2654755529584258,1.0662793001783368,0.6973602892008199,1.0458615442436519,1.0264560463736283,1.3413995940260983,1.480280789579289,1.4069566636323312,1.085725897594076,1.3951933075018048,1.3726920325780825,0.9353898456046809,0.9244429904758402,0.9449190324836397,1.1470812213050792,0.9061088260971191,0.8798802767391986,1.2329990910290782,1.07036927922824,1.1091194347850573,1.2500565475591252,0.9888098406443929
0.66666,1.2175843686522714,1.3102536177393296,1.3253458843144934,1.0049245909881885,1.3508554417410032,1.40307368516739,1.259427904932134,1.5240449333311026,1.1466568144563638,1.0865206970205734,1.1582509252077615,1.1160136379060466,1.2744203971569374,1.4312264655297269,1.0270715457607444,1.1005058572531103,1.0696360870448745,1.2551753066996854,1.181591590342398,1.3835604501703993,1.1649572708414657,1.4750798815065072,1.3995692437719658,1.5345332639555649,1.395729757931221,0.838938941978883,1.3263925892194708,1.1006253920585958,1.1309082628014795,1.121669748232657
0.55555,1.049895493910407,1.1806691339634168,1.183861786369577,1.019943830574633,1.0794545181708233,1.1562249623830392,1.1521176646332885,1.2674044596435214,1.0685956100641913,1.0491179606494443,1.1507863888391485,1.044278083328539,1.045172942235624,1.2398263706213006,1.3535424343315228,1.3364980247051927,1.047048821691868,1.295182901685713,1.3155663191388753,0.8679072097971753,0.9428097285241703,1.0769253003739303,1.1735653614008317,1.066209125980596,1.1409276031322466,0.983383658433115,0.9389157355294842,1.041219109207401,1.1514461117266381,1.262577465134163
0.55555,0.8656930621220607,1.1569253525343401,1.2602336611450313,1.2951663229485497,1.0591080832374147,0.8415037483055121,0.9375454648271222,1.174058452495799,1.2020084980458896,1.1526233865544369,0.9050438549554263,1.211540578465092,0.9829553047701485,1.047881821734426,1.0002553227343363,1.100303867453802,1.058204456735405,1.057297470058556,0.8323178654220932,0.8106190056418062,0.9512258417793304,1.0845922080310586,1.1016325163174951,1.1470998074788368,1.0768533600902679,1.0163050141420291,1.2431696701330812,1.3626489249195752,1.2034647593506889,0.887991758599324
0.55555,1.4090328165373818,1.0006779388211278,0.9741841647262681,1.5745111972144286,0.9369150924593185,1.159880995010631,1.2628591880227782,1.0061278680648664,1.1326309717667533,1.226960965536918,0.9828312783727998,1.1302254560531289,0.883705236457347,0.9204643570760848,1.1511288376810647,1.0045373002392235,1.0882114372479534,1.243028511354347,1.208480152305182,1.2409044759820778,1.1651724683468292,1.15704300959549,0.9301086371900052,0.9264651864652098,0.9374265982716878,1.5341840669228668,0.9538433879944526,1.1837278893823346,1.2480985372079767,1.0371332529336141
0.55555,1.3366382847752996,1.285186076676339,1.1898918991350709,1.4469845340749692,1.053055802229556,0.8133439552281099,0.9844404133574717,1.4482116125246438,1.3281010773859898,0.9708588961849012,1.1093016310561432,1.0877258778077388,1.2193305971684225,1.0604897751560847,0.8938611485438817,1.0125215062123867,0.9639612531276027,1.258583208271799,1.0692873905612839,0.951406213944409,1.2383424244443137,1.1077146408730703,1.0562767507679027,1.3902051782110065,1.2239446916424364,1.2628497478975347,1.2664212875372276,1.1526427086587205,0.8791792292130721,1.0651715157728259
0.55555,0.9093860078761205,1.1296058111816003,0.8789433605652108,1.101543513463441,1.0840485377807796,1.0142859278453662,1.002085279266541,0.8853194549537441,1.1155403120733465,1.0901328649287856,0.8754088380798447,0.8174204545938643,0.9551988865093576,1.1140312367792744,1.122484095535968,0.8013628666422978,1.2632697467491951,1.274975608291513,1.1029962474591146,0.8907033806916578,1.0738642262920184,1.0123122254377621,1.239661702508606,1.0304218487395391,1.0150064674971182,1.4918753418695032,1.4839907412717328,1.0175966984889084,1.0147071815032414,1.0228327593391775
0.55555,1.4155881366016252,0.9235395136011586,1.0917807443837058,0.9229670561268677,0.8921840146836432,0.7883681708605585,0.8742205135522301,0.8977845707821309,1.2222088238174291,1.1249042197938113,1.1020969807844982,0.9690983596283206,1.0230829473404606,1.0247947510824353,1.3582147101436968,0.9606975186764181,0.8984350291095382,1.096543302214279,1.2175725130049408,1.2141454705295416,1.1267236009604866,1.1038137763995013,0.992352335313196,1.3527408715649567,0.8200319600611896,0.8682595575081524,0.8066627788219547,1.3288579684623094,1.133563532109255,1.1808992667537845
0.55555,1.032960786113935,1.1043838876264083,1.3467708734305182,1.308807685589233,0.8899836213048598,1.0369803323128468,1.0663187067131081,1.0433668433706136,1.1709432110613158,0.9005163818632624,1.233242446955479,1.1634564706219988,1.1391586144037935,1.217398348770596,0.9035210061310087,1.043870435085662,1.1908144568943175,1.3452622060374104,1.21465357965678,1.484602828611816,1.1124483589253191,1.0811959710786525,0.8249316166462203,0.8677645187029213,0.8893941710248432,0.8588974149461229,1.255296491638684,1.2768430913693967,0.9683676459874533,1.085031250972466
0.55555,1.072994945397716,1.4695668835872056,0.9398923350861085,0.8894821632355546,1.080401871286172,1.2855545300809919,1.2528502867201003,0.9912245121795031,1.1484691049254672,1.1939665073704908,1.4900487588571174,1.084606112633647,1.3868236551558624,1.1561884035025967,1.2245702003544443,1.2307023818148026,1.1894059953290015,1.1779155950637625,0.9307692531072285,0.9571154623546065,0.9919376929473226,1.0414037727862389,1.576261479952228,1.140476834853006,1.1874892118716158,0.9926470447954752,0.9307964747075582,0.9628733012235103,0.9807623023464475,1.0637176595773012
0.55555,1.1800632037644734,1.0423764818992505,1.0904160937021277,0.9732223937405082,1.226671620490773,0.8580627748568854,1.6457044798885476,1.4909366277218743,0.9451218751258977,1.2683218365994526,1.3893328558735019,1.3586616296635112,0.9195508429753978,1.0894892145413027,0.917849307742533,1.2167539928290743,0.977863964496942,1.0042615662073555,0.9852236693885676,0.7589072992145838,0.9042507793006157,1.071248321743221,1.1804106950566626,1.2871403555087955,1.4627084542236934,1.173134611245493,0.9928263456629389,0.827361427339256,0.9674584574634325,1.1656495617208094
0.55555,0.9926904715579289,1.0590491086501197,1.1229669471283654,1.081225974621501,0.9185344300234772,1.2542751523841336,0.925559314370105,1.2724474221083546,1.094697290666072,1.122640130534957,1.2441802742292238,0.9149257119094759,0.9838113609305963,1.0862137640038416,1.189940718367267,1.0511640804357958,1.3019501395658288,0.8965091447825185,0.8197610984492107,1.0955341543401342,1.171164103361934,1.1108287128358394,1.0646926628938214,1.2975037437744994,1.2664377641290268,0.9828971326126406,1.2223706435650752,1.0942599392152896,1.256177091248678,1.2363277993498287
0.55555,1.4262807320695075,1.0525681713080595,0.9041549974364325,1.2125315025771013,1.2578987117211993,0.7849026040458711,1.078744350281851,0.8546841782824739,0.9280854928972058,1.3145532021111193,1.0072822277406257,1.2054275554964282,0.9249897285005532,0.9262789050792002,0.940489276997042,0.927463435134766,1.255369024544944,1.2242084745533228,1.0690168738564607,0.9989873760273869,1.1150132293106416,1.0221727711511581,1.124789890730344,1.049663454413682,1.3371775160166912,0.9758671005289407,1.1826780564509694,1.1734982955007627,0.9160232580362653,1.286768944219601
0.55555,1.0296846958549493,1.0257135930792192,1.1474716509804594,1.0100205281233945,1.078967107729422,0.9264614267922093,1.0746250367203953,1.2257031105206044,0.8339851274489501,1.134514195987057,1.2569927908103462,1.4079865297698153,1.0714877982264521,1.1202023523865317,0.8285342928930499,0.9886073544357736,1.3885738484415628,0.9768011201327566,1.093945478821447,1.1550688691525643,1.2423304144915777,1.3692665162568862,1.239135221185935,1.4161786749753773,1.0344667737168394,1.1501202185507393,1.1972888985504044,1.0331688433733086,0.7843522041697636,1.2899203515701323
0.55555,1.1956718428418118,1.3706292519887113,1.2097535290878318,0.9286231637317286,0.9297408057934285,1.1972335766820212,0.9715961185709321,0.8792655187819423,1.0798512138769347,1.1615746470870956,1.157979789125044,1.0338465259378704,0.8033136211065409,1.082882114705705,1.2883799514455494,0.9861674292493481,0.8515340147966111,1.2673112913950944,1.2884084942113623,1.1014031094043109,1.3191779802869579,1.1074314308816176,0.8754859322375058,1.1692133623899459,1.1177019766253276,1.373470883540939,1.0888134262137934,1.44891097041981,0.9672619302076314,0.8094707400079572
0.55555,1.218200649358353,0.8545709343522974,1.0171326286461775,0.9097782329323589,0.848515608763668,1.2054164033333237,1.2573159261394127,1.0843158995273248,1.166266805575787,1.236795061993087,0.8287038591647158,0.9865129989585218,1.3869547644542326,1.1832598383337112,0.998952338688107,1.0873671330856587,1.2880845347689678,1.1794717992619033,1.202469035103078,1.1522635799613223,1.5344650696235649,1.1695483790918173,0.8711739715671687,0.739361565476762,1.0246110441446508,1.0804257971192903,1.0228719250222071,0.848373064299298,1.210184899320131,1.3323322129310793
0.55555,0.8880400336790809,1.27929900408948,1.0442224160985674,1.045769113155592,1.0913370630165211,1.04799862648021,1.264645165196782,0.9691409986477519,0.823049894583375,0.8759484764428686,0.9124302320629742,0.862124033143272,1.292203472912903,1.1034688067704739,1.3251730136399074,1.2078352624677478,0.9443559316664651,0.8628930526887623,0.916901687670627,1.1496498289025947,1.0668456884738828,0.8473590601012906,1.021273954676057,0.9212243541062259,1.1281336617457278,1.0540613381939652,1.174218507394828,1.4300009502079831,1.194649149235047,1.4887434501970733
0.55555,1.1228024215849564,1.075183402708554,1.2397579952043671,0.7970185535677473,0.8851840873003488,1.1222577199401191,1.1225430632307227,0.970849542006231,1.2606303568709607,1.1302820444885548,1.194144001508594,1.1613988650470455,0.9719416397629124,0.9543078619586683,1.31903707814323,1.1894451561194,1.2674324401045582,1.446383002461822,1.3610458552479663,1.0241610458521895,1.0376453125552558,1.0780125323213674,1.0548303354839021,1.0744259846508493,1.14713234544902,1.0130043839889582,1.0152494406031463,1.0296207020767816,0.89223001724515,0.9007048416531738
0.55555,0.8205809995781166,0.8556282493499944,0.9439550733850803,1.102009073947585,1.2323500973383972,1.2987745960914754,1.113337192535559,0.9894952658693703,0.8830485940777315,0.7729250500772361,0.9251014416343128,1.0288722172169915,1.0290688005483912,1.1573287270404056,1.1574471610445787,1.2330923276726247,0.9998999122359714,0.8756946534965097,1.425837089156003,1.2556086612569441,1.0217823620500839,1.1509090934369848,1.015096287161777,1.0619763218369918,0.9092035648954397,1.1099346983461023,1.2341603820090896,1.0244119746944773,1.1918551519617115
0.55555,0.8832272416491806,1.266854201594365,1.162623968130236,1.3402588070839085,0.757703464116964,1.0807938166624147,1.2789807465473642,0.7720737892798942,0.8335451964922667,1.0150685018784005,0.9902635848088412,1.0203430132316782,1.1301467952170567,1.1496160680768372,1.2349106217439176,0.9101274300464317,0.995548360307193,0.9834232174706926,1.1096480807938185,1.2142353193241582,0.9321091177727294,0.8998653275661707,0.8222349091403836,0.9251928374405277,1.0428752840683648,0.9815096024156273,0.644342941043504,1.0116906312460752,0.9093189930925295,0.9310492737106296
0.55555,1.1994841934911762,0.9204925888299,0.9783775701965772,1.0154852657482285,1.1598468657782026,1.0744448059306206,0.9424616622717459,0.8289067819054656,0.8595486876430112,1.0247365483923208,1.047418578957175,1.2152116040689236,0.9718955346338009,1.1371923201709355,1.2739324635558296,1.0044683809539183,1.0339714584288824,0.9308921151624171,0.6262948770784582,1.006484110292938,1.0728771726637587,1.0736828883930256,1.5868488340914544,1.2325364326530204,1.0711120062435648,0.979749504959637,0.9935049100041698,1.165713977890014,1.3152500349703717,1.3666119806103985
0.55555,1.0406231032877618,1.5602627437345473,1.1297821550033005,1.2906568272052965,1.3520845315894718,1.0421252037217406,1.0664987081920347,1.2173728127927124,1.0407264539465897,1.0851797012217383,1.3553447675456727,1.065724943512788,1.1979719214111417,1.290767877486455,1.0043226361958904,0.8312869012420253,0.9677496212080566,0.9387396946484396,1.0801845600863702,1.140364456412567,1.2409645229748079,1.2682524730087552,1.1825051817702288,1.0005429798209509,1.0643479105825253,1.3016523698851032,1.0257472440370898,0.9579115109859667,0.9874174002972953,0.9873697617969377
0.55555,1.2485864164813945,1.022559798732788,1.1121203214812476,1.0149805765967723,1.26759339245074,1.1477628105800648,1.1122982817954783,1.230233870669574,0.8019080237592311,0.9915916041009649,1.040117771809715,0.9967113846756196,1.2157646736847478,0.8768692390368831,0.9717302955484677,1.0607632144580221,1.0642492169733682,0.9982300987783645,0.981456666454383,1.2011244462141875,1.1942532441880307,1.4698950661329122,1.200594996034793,1.4005926610566373,1.083504069266464,1.0509735583663966,1.0162887204885778,1.137214903909237,1.115302145402194,0.7760450660560091
0.55555,0.9239810698833416,1.2123562995662835,0.9216821021789978,1.1698076347854116,1.26595380631166,1.0865021987960568,0.9946988880495791,1.089767331410538,0.9338473725206216,1.143117126869161,1.1917622976683864,1.0481316779054841,1.0884237834499662,0.9760967193086213,1.035323620044418,1.032055661936944,1.328135361009863,0.9289846157449296,0.9367404792096118,0.9373917813658212,1.0364066728164707,1.0481171142776484,1.1141246439966965,1.2250189745761577,1.1019965124425617,1.1795497310996113,1.0176457288311738,1.3954860900438004,1.2428705891855407,0.8754844428851778
0.55555,1.001825525305618,0.932046821319049,1.1768008243036399,1.3071780223737381,1.0011257083060856,1.1319782806992542,1.0763751942815,1.0909546240222567,0.9776265155402134,0.9692677461687945,0.9075926132577535,1.0890115289511915,1.1286596534608053,1.3171383397727867,1.043938592813327,1.082901976670639,0.9535170894833415,1.1047043817834314,1.0154455167347571,1.057347286575192,0.9498073091696194,0.8524339023991112,1.0226400706440066,0.9107286487447687,1.0018762263090724,0.9705571960989489,1.0851355949424473,1.3733168192412573,1.0746145024258886,1.3010657063480993
0.55555,1.1820413718863767,1.2799877362958536,0.9807182436140617,1.186156981356657,1.4064324861730144,0.9087518615726363,1.0814007006744484,0.8735798583994455,0.8308272542834912,1.1232331289399895,0.8007435968353288,1.172273318645273,1.0695964747024476,0.9245762323060209,0.8407467825600975,1.14693444705832,0.9888478165901596,0.7473048461488054,1.0527342963255297,0.9724964807656364,1.1397582105516266,0.9282464425874125,0.954221977390792,1.2394059315567594,1.0992742098923793,1.2035168130161826,1.1387899195622566,1.2188322849849624,1.249303933658461,1.0747418258103716
0.55555,1.175303246170709,0.985592003434734,1.0699967387240996,1.2916376853526224,1.3006147822739353,1.0971614079536904,1.0954674697652438,1.017794609222488,1.0427191758638805,0.8553647673053533,1.1487300965843832,1.0218900277298428,0.9505743769452816,1.0685501853990222,0.74503695008601,0.8026190214687717,1.1081827102761301,1.180507341985036,1.2931816287855809,0.9853783967007508,1.227875013780698,1.1890956535571018,1.199006767711082,0.9400445346041674,1.19040129949304,1.1844692644949164,1.538950472065217,1.1658261951904947,0.9359038298166396,0.9297429179917376
0.55555,1.1247989430507928,1.1676909258283623,0.99853334771766,0.9369176371642027,0.905149119987602,0.9077623497665139,1.262062720864583,1.317434112632766,1.3215470951977544,1.0059067894038407,1.1518511604982915,0.7441626028529799,1.1163777301549036,1.0575507132507334,0.9689164135979927,0.9924191694714464,1.1505739070274077,1.078109116645305,1.1731284840666307,1.3706469252563187,1.086106840107727,1.055893774396844,1.2853499615843107,1.177526949077265,0.9173807562316636,1.1115938745687184,1.2943486359553424,1.1118188549553794,0.8282901765992382,1.1211366235676206
0.55555,0.8449926326023188,0.9046751426925793,1.0254329769926664,0.9842258464309745,1.129369583057739,1.1432446383220587,1.2395349374786169,0.8116422458463822,0.8722959743031408,1.1668675489287177,1.164732431218349,1.1485214146602811,1.0173108388342023,1.158614243250767,1.1999427741147433,1.0342764561281477,0.8545420657236759,0.8852917693200449,1.0459276658014613,1.2197336786435051,1.0172129430540096,1.0030885287140017,1.170937422161731,1.1840477641730842,1.1590322996559441,1.4436237477289258,1.0447019180523547,1.0546814267314752,0.9817105267453949,1.038303285086584
0.55555,0.9282177928794528,1.2076655259054876,0.9837594414706672,1.0330098104261023,1.1111600731899614,1.1437669137035287,1.1357209168513356,1.0094179873002687,1.037199913497817,1.098186564531052,0.8702856186067035,1.1329677566143959,1.2259157598430548,0.9825964498346702,0.9615677601294091,1.1548375687635923,1.044710456021973,1.2006583519505827,1.3384712614616574,1.1126632811530368,1.2687383104402148,1.024809827232065,0.987788182322499,0.8141288666477632,1.068540890117753,0.9347866582616331,1.0867256599705295,0.9136017097612147,0.9073885212884085,1.4828717476507982
0.77777,1.181222487353035,1.5661773829865848,1.0214568507373862,1.163152946357061,1.28823848325405,1.173875695188106,1.013311113778255,1.2653802233419307,1.4029653456091054,1.3058419932424896,1.130373312480077,1.2859710091310845,1.1058019640721157,1.4908990942186753,1.2736132832298,1.2616789222374687,1.2874613458131992,1.2641401848770188,1.3484549035785107,1.2856528232802602,1.1601612518317752,1.1450994213100787,1.1992491349550176,1.1950820991030706,1.0968287387521272,1.3588241316525658,1.2713507411102132,1.5113007666675946,1.4996034505066713,1.088626307489828
0.77777,1.073893223590303,1.163619890068969,1.2047511549485777,1.3120729568843643,1.4605830507943967,1.6854005059388757,1.322612707785802,1.252298858158709,1.0687469695129341,0.8603888841842818,0.9494358904170165,1.2831113657616935,1.2552513368413598,1.3732219593854655,0.8847063313979167,1.4221174202241267,1.1010467363781091,1.0828325328049966,1.1467195522114075,1.0944446514383417,1.42303363126435,1.721897440631064,0.9739636874604268,1.2253411368013256,1.181434007477454,1.106985950206546,1.1387686729842954,1.315490688990899,1.4557970440837462,1.647041480275475
0.77777,1.2570731057558544,1.1865426116462807,1.6526728055564102,1.3458483725392878,1.434075114441641,1.234819545916818,1.6236048559996548,1.2111601616842187,1.819471405691871,1.2978416143880287,1.187682006662673,1.313769608866775,1.1183663947194797,1.2055644006907846,1.1068053929226194,1.1056437697912347,1.1331609013841435,1.449062875367208,1.420044172475129,1.3740476150633258,1.323371253434252,1.2597345537003373,1.1507800245576891,1.193726384764609,1.465044218522587,1.3599693727372602,1.099790651269453,1.2286245626744787,0.9951576236201556,1.0141717445118814
0.77777,1.0785472214457599,1.1621476074477863,1.3634335310651573,1.424054849839421,1.2707286567538154,1.1528871566693717,1.0341968038783387,1.0127019473206864,1.3927434326645618,1.1552888735961728,1.3521271288935683,1.3511473835551884,1.1999593246620335,1.2926504716093483,1.3323168412913053,1.095882914026284,1.4465327543377065,1.0921653438864714,1.7112729674225597,1.0472211792362502,1.3074624040958567,1.37056306879133,0.9339346224169339,1.0548010584770602,1.7939746993059187,1.3125813792763354,1.2625812653108455,1.1444448854134142,1.3791320540583747,1.2736625390757355
0.77777,1.0919078852256925,1.1235049483559831,1.3326389933017992,1.6665783606483437,1.544198991081254,1.293238935065498,1.0769096874889088,1.5754507213750535,1.1595202039967827,1.5766034100185768,1.4958205612216955,1.3236258569244803,1.4749188849787236,1.2203522935485451,1.5201919340650953,1.1560977971732376,1.040241355378046,1.3627815344634262,1.4323662607987275,1.6396821082650024,1.8454175964197221,1.1985337298269876,1.381431111349058,1.2794945085109954,1.6317919195726707,1.592211758669266,1.3647079763866476,1.324188751868497,1.3849633443575902,1.6229170153677346
0.77777,1.0509320156933422,1.341769151106305,1.2954430219216178,1.2237804101511418,1.2315163397722944,1.3476516985051985,1.0353571152993162,1.172462901639582,1.496704879594525,1.4923793151222804,1.2834470635228197,1.7197740599470062,1.2709985010093232,1.4871653687742015,1.2731456033889001,1.3506525969793415,1.1426802711572823,1.2619614979678435,1.4131459357942986,1.2135200361633736,1.0370934419780986,1.2347733984617049,1.3598655442513297,1.3479245426073085,1.1322439268076732,1.2479738590983434,1.0651154439509065,1.075613128006568,1.4186260200637897,1.594522336289236
0.77777,1.325195840778997,1.3817827990987965,1.135886915035291,1.4549807044259007,1.4595355868140938,1.4191313974438513,1.0358614632765164,1.2124910613701922,1.137019034370422,1.391591990205967,1.3005029266978274,1.359442971715401,1.5406825184602488,1.0999498648063308,1.4558941772342555,1.0898244718393333,1.306130791629273,1.2839067184918864,1.1567589943673375,1.2270946489162082,1.0806920028482343,1.086328301851349,1.1776435281940627,0.9345328466497713,1.0207875686877876,1.1571464284220556,1.3629059277445839,1.0639279306739693,1.136480622540372,1.2469625718133086
0.77777,1.5314125563658876,1.2764467103290307,1.3838653908147072,1.1167840359838104,1.2373011964331349,1.2001161575709025,1.6591108375412542,1.488888417705863,1.2402356855394503,1.3424512909107575,0.879974676484226,1.1084071871034735,1.2292577519620524,1.244828984477305,1.354421440585951,1.1504597395973317,1.367441476500191,2.141603280838651,1.320210104663391,1.4964411467903556,1.4851791542244994,1.218648717034555,1.515459623221029,1.353219467785579,1.2490167856430525,1.312176995872044,1.3249644186622733,1.0576190031598056,1.3084609874465472,1.0337420830903188
0.77777,1.1342323711165572,1.3545432419226393,1.0418465377839596,1.1702634384446187,1.1501634414578623,1.6538475648185114,1.5235118645238002,1.7151261728686673,1.31602542534358,1.184361399249268,1.5784389373500964,1.0992439391049498,1.1831889668357287,1.243767378134909,1.552643448637781,1.0729607892384185,1.1782881657926323,1.373294601667071,1.4546178506390668,1.3205505553691337,1.2678447106437285,1.4047788695051073,1.182053674098754,1.7289846389083752,1.6784227593705212,1.4509352774320627,1.2310953538057927,1.334520474321771,0.9397148375783806,1.1929464649318227
0.77777,1.6612600972207827,1.4434315934453525,1.187215945166265,1.3637552126911436,1.2204383826224838,1.3014042072906349,1.3395063442279864,1.0281442179585758,1.2283745762660145,1.3497266240527268,1.1974096790878228,1.1999364577360676,1.2925647848941642,1.5137860672085641,1.3396632170285643,1.322840214440531,1.18263949078388,1.3707213784318601,1.4895722485896656,1.3897333622835804,1.5587935954214764,2.1208959219348413,1.4711199339870014,1.2976664739854764,1.041767851225626,0.9607484792593776,0.8967541504419624,1.1968403189782733,1.0044412865614398,1.0291035378363291
0.77777,1.2974045074700813,1.1939258691846035,1.3093608557854315,1.1067903460264692,1.0965047052241148,1.279954870448503,1.3563105393461785,1.2426506743178376,1.3030125114639184,1.3948744664449846,1.360529352830419,1.3327259890724414,1.5376213706305448,1.2211996150421958,1.1919247789392662,1.2617840388063157,1.3070495786909702,1.6467181378763365,1.6279062995107245,1.312612952260502,1.1324130156034045,1.0772995292031202,1.4664589700291852,1.2006688831693941,1.0002506797108837,1.311500817387065,1.5331690382270071,1.1840687218433628,1.1278656483806868,1.318710224606602
0.77777,1.6640107669213524,1.6072499786818804,1.3717689514030627,1.7735175723699705,1.3183277836019485,0.9028389709737247,1.010428931789376,1.2974402253120783,1.3071810687173664,1.6354383167321997,1.5641569936800839,1.318981952235785,1.4431095644596312,1.1768812207357982,0.9105045937753535,1.0044293099441415,1.1239755630560528,1.2680091757242948,1.3449811032620331,1.308007894954031,1.078444726193023,1.2782599930420642,1.525514965014297,1.5436924278705373,1.362689635981973,1.387656158782545,1.1858873198037623,1.2772862220047336,1.6052650996906095,1.4863822482620976
0.77777,1.5217966795655176,1.2181559877475687,1.2256815192068709,1.1537907565127967,1.184784512322517,1.3853502393698136,1.0715403676006616,1.3198044336264736,1.4260037154813383,1.8403157319200163,1.3446842258306226,1.2684933235447908,1.2450251160787225,1.5520055078134307,1.3432150869308106,1.4408124222839553,1.167085483825442,1.0739369189519654,1.3391825214482245,1.2315273418405668,1.3517534614852647,1.422829510818455,1.0792132338330045,1.3544491072819909,1.1196871070975398,1.1496605424461468,1.4366197406713654,1.356063722230086,1.4424520355498982,1.0746366375740293
0.77777,1.1462310020909094,1.0581029946611626,1.2141578579616283,1.3863275123474388,1.5236606991236747,1.6750283517108195,1.3464126048464893,1.3695479326511564,1.1637048550177809,1.139551061610075,1.2173775134294962,1.4937287186999966,1.096835728233746,1.0540471359123065,1.8432341473814355,1.1723330129194545,1.4854697928052818,1.4257051163087406,1.0539796255806626,1.5253546330146637,1.9980549353600368,1.4370151713062367,1.246877774934383,1.1672013065790292,1.4785883496890881,1.212583985557665,1.3926357099145434,1.0487948135964247,1.068205001825885,1.3345338703529164
0.77777,1.641092181059017,1.6201640064592084,1.2960449351395493,1.3558287318308728,1.50479491872109,1.408553803908238,1.3182933022411791,1.3145969163430313,1.2128696858762458,1.2121018459843471,1.4388781505450672,1.766828368191692,1.3397058729290738,1.161515918821299,1.1478239879905656,1.547088160276904,1.6827881949665657,1.2731113784428467,1.3084237678033481,1.2310473077589206,1.1321537369012415,1.182071681302497,1.4550319917840255,1.3075642161882775,1.4145852216946548,1.321203964653204,1.3923650846223068,1.2252146334606386,1.2670432042635906,1.3326811700564576
0.77777,1.221007913167852,1.5354987723961095,1.3484759847601087,1.2160866053713544,1.3851744182407388,1.2303496272849592,1.1043797760374037,1.4863635519791647,1.7596303669215965,1.2582666181695836,1.0556096818071943,1.271969257320104,1.362825978149905,1.3430163376222628,1.4716284044344377,1.2882959136024672,1.3204480107389491,1.4924911347836665,1.2425623546577924,1.0708115476072413,1.0151607660637596,1.241577439549025,1.1016749854392884,1.0793576064633892,1.1067249779790322,1.4972686169790117,1.0616917087103803,1.2781650656385946,1.2884190240219737,1.7470994299753746
0.77777,1.5618590801289034,1.340388125795164,1.355853853817773,1.1419381592981253,1.5374979465204843,1.3761621206877925,1.0501705064581446,1.6643585352995836,1.0441903960834624,1.3888155838567324,1.2238935263938862,1.3988148843349337,1.2418800918397968,0.9927178060091734,0.9163352914287193,1.1224937196921387,1.8463592602021508,1.1838796501715236,1.0739528397892182,1.2362777145377626,1.1468111559597667,0.9103451159919638,1.0569879197983922,1.3217104300507136,1.5276868914204544,1.8470536134468247,1.3434549780597143,1.4151963529284521,1.3325263009619623,1.3066139147376958
0.77777,1.299730034499942,1.2964543415267795,1.292969991693203,1.6179210315525154,1.366460587960102,1.239204992645867,0.9991600464411137,1.1974824489105622,1.305242924353292,0.9506865981847972,0.9006857449729865,1.175800896848279,1.265123741514579,1.1078018723064829,1.1929909365529496,1.1708524923292667,1.148841019508082,1.1817921823667152,1.2957511516935982,1.2367007846818419,1.2843231321017337,1.1127884470909053,1.0033633130010853,1.172148845395201,1.1581617608068417,1.4358568923022657,1.3150827868092043,1.100039198055198,1.575693525891817
0.77777,1.1015249922037935,1.3616701661900266,1.2478926840331719,1.3733838250310526,1.2672335556437417,1.3634283596791716,1.300523328255607,1.7175316507211875,1.867636650715973,1.2882591168841437,1.23051092116505,1.3996680299314337,1.293065388371429,1.0381005623460842,1.1029181248231767,1.2924371208668792,1.365925367553314,1.0865217123330457,1.4087515252427103,1.3693089314237021,1.1016093967666247,1.8694091127964223,1.1993226125085514,1.7838616055744294,1.6291929261729508,1.4782772123720864,1.9404891867365666,1.088633888061976,1.0573695091524329,0.9253932106039957
0.77777,1.3998988536762547,1.1948217055122894,1.2338372107817916,1.1412641226582587,1.5811452268545354,1.4469114446980758,1.2165011951874272,1.2444045299361224,1.3066912053273585,1.2965529801757498,1.250334119848926,1.4569483631056437,1.2571204495117374,1.4302771039826079,1.3916868228125758,1.094894178900377,1.0371730811752493,1.083479961313637,1.1627111751387023,1.4096488330542944,1.3697351223291656,1.0437020988888568,1.0505544083923986,1.5175965761206944,1.4380901261003818,1.105542606282323,1.0800920697028342,1.5746357444449386,1.2576038515068686,1.2672666671922839
0.77777,1.2965416521494422,1.273206098370618,1.1138017023442073,1.0847808758277495,0.9985380296311257,1.503922298727111,1.2846755656458144,1.1389790102034996,1.3842291658627839,1.1142811214606139,1.0617222464655773,1.1808096482153787,1.4084947165030821,1.4356067280888587,1.2334273245108816,1.1235935425150925,0.9805255409377291,1.4849026698005803,1.2996860129662473,1.2520887550526443,1.00211196201328,1.360499755142432,1.3081583360058606,1.2023653657146531,1.2194250802126712,1.3145804088980826,1.0931086002011206,1.4576549865476818,1.2460935369076365,1.3263718327862402
0.77777,1.4668773648419045,1.7388934801055496,1.4161113619907835,1.1493891605822824,1.2930955199351974,1.409783005943218,1.6056999319519258,1.9751776865020771,1.675094719915357,1.6571181054766106,1.287421011169585,1.0933075684772975,1.4617556514083274,1.4546002812551333,1.2815132626569063,1.076151230538148,1.2585140778112254,1.329642243399292,1.529603086941679,1.6977399536545834,1.5028302296243774,1.7771825413834073,1.7971172297441638,1.2659215491635354,1.0971703500312757,1.3445678290051724,1.2371421900972521,1.2810032587575695,1.253440313512177,1.3872763206716923
0.77777,1.2924796454374223,1.3431947907404793,1.3110443350028127,1.1894947924360741,1.2367885837947288,1.3354455834127748,1.1549304112900998,1.3483645094856482,1.3368422391936707,1.211884691283546,1.504482796129135,1.196870474762141,1.2805674042913733,1.15715408414347,1.0448916883083672,1.0628018107639605,1.562888944054242,1.4530284480299236,1.6038383579495998,1.2456971762066835,1.239697382578779,1.0448667610059896,1.2774185390228543,1.0929873773609127,1.0666847578359218,1.1073605553520645,1.1915032020235778,1.2369995971859307,1.2051908359001406,1.3513781108107903
0.77777,1.2989745452931076,1.3913601343760262,1.1055867646554605,1.1502941360133485,1.3853892282857487,1.2000226942065795,1.3928520228910233,1.5404137837993062,1.6235810123546377,1.1876082557484549,1.2055175262940998,1.6911922880952892,1.6026485872545524,1.909616010568786,1.379099799992647,1.6197544627472282,1.452643319863404,1.4661432611442693,1.2003537337293437,1.3155409285845476,1.286296803945225,1.2086303315245155,1.1393948718562674,1.1533359660330085,1.1329737469438839,1.3558321452575222,1.6692377315228748,1.1865072687469362,1.331192042556227,1.1127404252864754
0.77777,1.6034259372534982,1.0811613338282935,1.2876512543973133,1.5561842924811202,1.0853995093326543,1.0996427433132543,1.5567515952141049,1.7304029831634857,1.2543330623370643,1.5167328921278014,1.276283910263761,1.0276738952819835,1.1849117869403505,1.2879797866474882,1.268990599854272,1.2877114882754364,1.1502279594209341,1.0644998979611489,1.0844506691263394,1.230084755522866,1.353104195087427,1.179990443105037,1.1223606289474535,1.2049039905037704,1.6274915322200978,1.0823985784316001,1.2932536671304489,1.0850183015450738,1.3842855477742804,1.4987372144212772
0.77777,1.390899732715937,1.2196253840687685,1.268689152444462,1.2717298044916867,1.4521615260247756,1.2167057326597999,1.2466066221346919,1.1324146830098356,1.0027924901337326,1.1903486363534614,1.3586775376426485,1.2050020666754133,1.4120944626257448,1.4054094820116112,1.483416468581669,1.2882652700611283,1.1514573603143048,1.4668894521106621,1.2560385888128536,1.2033496115437257,1.1606235487866954,1.4531187475317917,1.173821017511992,1.4372651324515555,1.5104498616374176,1.129309588491901,1.2762252515364512,1.1966700678457052,0.901505352658821,1.5134794816948502
0.77777,1.4873505355767302,1.2553787706681225,0.9765270948886475,1.2971505564214005,1.2081854810404,1.5182350180500193,2.031637179081732,1.549716346862897,1.4801569514260053,1.115699620595702,1.1122284137027767,0.9751485914698079,1.2510248840634126,1.5650652111927217,1.3033958975409181,1.1014998605222879,1.4662013519151385,1.421923685472928,1.2141633424449068,1.594783179005971,1.3822237396019814,1.302557127164186,1.130053367457054,1.32217522646146,1.2131885866678491,1.2020450046453435,0.8540181837653016,1.2532720103328197,1.2722376539331182,1.219927243224912
0.77777,1.5381856333219237,1.2086203263534678,1.268203667939004,1.144650201218166,1.179007879473624,1.1926256524544547,1.1199622525511455,1.033893404474229,1.202080797226252,1.5401951197433679,1.6785756586005542,1.2847830583700377,1.0722759618089026,1.3487223589605215,1.5204805069350762,1.1982414386180036,1.3708683401792765,1.090940330009343,1.1768492655138,1.121617045015287,1.5273359889222025,1.549637975088964,1.4679380728118698,1.5140186361896548,1.1713099429582372,1.4431200051414534,1.5194991476067736,0.9716952771986541,1.3550515629071642,1.5828347538296887
0.11111,0.8049372170577487,0.7442821374178406,0.7372168239679413,0.72243574304751,0.8614296293064275,0.5560099931669057,0.7542777903322588,0.8328032408554487,0.5448257779690028,0.6098524535357863,0.6591135993441227,0.7970199979295394,0.5864027643261832,0.6892193232631738,0.7189310735949741,0.5621027841120618,0.7259074176976597,0.8871953727947696,0.934554099344665,0.8246702729100114,0.6704808928570818,0.6317172309065091,0.7850362145429969,0.586146813522057,0.53098863094189,0.5866312870908125,0.6694424536117969,0.6812597197470179,0.7397477147858259,0.6496272149829226
0.11111,0.6656450843557294,0.6285367771796956,0.6549621354634543,0.7358044774039565,0.8129687378756847,0.5960691677293841,0.49750899300180357,0.5888253385004306,0.7913103673504994,0.797108812766368,0.6810927349187104,0.6844583619022766,0.9643639278852745,0.8093169417045276,0.7230101541788344,0.6569906280288953,0.7427962003904551,0.7226636321430586,0.8815919688899096,0.8574407887642085,0.7436264738873,0.7045767887867204,0.6798410644207857,0.8789495606617456,0.7265258096989275,0.7281775546051479,0.688907651440187,0.583124876974246,0.7614785984448947,0.6141959262156037
0.11111,0.7642113558074107,1.1411469786553141,0.7387247157155086,0.7684849906248331,0.781208843240705,0.6978372758407382,0.8043793651011858,0.7974752246767989,0.9150239624093925,0.806736661055048,0.9716466377657756,0.8103699679479084,0.7835837992522301,0.7026630250346662,0.7749097927684518,0.8690288814244925,0.8759610443043752,0.7230957062245134,0.6172537882941692,0.5814506050312778,0.5457261873080879,0.7376995626271997,0.858620972605657,0.6125690785369183,0.5493156608915326,0.8755866471861647,0.7224198335367921,0.7522293010222502,0.8731488586456317,0.7146432488674092
0.11111,0.6989277176383956,0.6813612563897531,0.842655316806559,0.7830350447565072,0.851448551388417,0.9782903869365176,0.9531157814968282,0.7277449248188066,0.6768558690767965,0.6653189510378297,0.7358352261053225,0.7755011796487629,0.6413592886908749,1.143685112244341,0.8301499911692316,0.7734802296074879,0.8873979406941004,0.8153273565955205,0.7675311327740634,0.7383079935500717,0.7983671221628099,0.6014999254575446,0.677407988351704,0.7064049668066612,0.7028806125454521,0.8260208153946921,0.7483702469957662,0.7576552178069886,0.6977089665966109,0.7346301786413115
0.11111,0.7957093863265398,0.6236181388521935,0.7292709068653225,0.7551203842720147,0.8391403884090048,0.7496601125065411,0.642600104384318,0.8234179431331716,0.6513949032554964,0.445726024588254,0.7231331596529441,0.8853012454595957,0.7802703116653548,0.9008654490828308,0.7055786911546588,0.5966244312137008,0.5862356266467369,0.8731155604222803,0.7638681543570608,0.889050384973356,0.8770844346062939,0.7042680379610915,0.7449148260179057,0.849137311260695,0.8185813123093826,0.7248431724008171,0.8942503206290521,0.8576423045869397,0.8442089417876992,0.8514852623281284
0.11111,0.771159400663499,0.9233347552136876,0.7857893846938523,0.732852220574295,0.7834416308044385,0.7608279515883702,0.8073014053634484,0.694167275314521,0.7440584680413771,0.7422628413888077,0.7551312391368535,0.6407818644970419,0.7710386017541949,0.8894323207087871,0.8036690188355746,0.7301836541801746,0.8300142726842065,0.9079722005429043,0.7641868785431751,0.7746509767879044,0.7308055480470572,0.8223280081101507,0.7542477768485415,0.735564653325674,0.7172881641584108,0.7934593034704704,0.8290598333088126,0.8396019766139389,0.6573339162432031,0.531266156291428
0.11111,0.6301028286959519,0.6213273488694078,0.684623220098578,0.7672562476234057,0.6694771774309415,0.7485172242395409,0.6047977872687069,0.6520586888577803,0.5999105861437144,0.6990336804553533,0.8425013679500593,0.8491889973155955,1.3235082495271402,0.9378969034734953,0.7508076138960329,1.0412205938532815,0.7944635961566199,0.6371119747197884,0.713315835180993,0.8088699259635153,0.7129116072204894,0.5904127549721717,1.1372618759108641,0.8740812349704364,0.7983542442598766,0.7025224183499966,0.7507456346650137,0.8034122267408766,0.7747995760548433,0.8375117606736321
0.11111,0.7274492456685693,0.9708908519394214,0.691067342600842,0.763137844527982,0.5930379373460883,0.6900482854872592,0.8024237586699482,1.0481352684447895,0.8895775625974764,0.6471698657301199,0.823221646265926,0.9348694492447983,0.9441497099037762,0.6760959552646147,0.552328222715269,0.7075750907700175,0.6829697490509336,0.9071005461801487,0.7286071174664743,0.9005624067434023,0.9030759078365825,0.7982731092415972,0.9690786916945082,0.7964658305381538,0.7590608571255137,0.7106553203260894,0.7069215648944266,0.8264717731004506,0.7469387384570478,0.8703756167681238
0.11111,0.8445464025624126,0.7850771298141628,0.9050895582528077,0.827941468314985,0.7487434869464021,0.7230841685453012,0.855628663345769,0.6702534020038349,0.6080531524289977,0.5929893178948845,0.8154449081964891,1.022248293096363,0.6482513163881143,0.6679594056839805,0.8988725985634689,0.9076767481393516,0.7952539669815255,0.5697931649131464,0.7302593692434631,0.6967990144309516,0.7080466539257153,0.9675157555305351,0.6654481288045783,0.7559351164799751,0.7119929356708802,0.7964193900812229,0.5333197364952068,0.8982129856985813,0.7614610406644908,0.766889982074847
0.11111,0.8055356720711124,0.8213019723469254,0.7161496432354976,0.666473925629348,0.7019150333587916,1.0872646945881175,0.8494755562741441,0.6447359093660339,0.824089558573111,0.8319211938496393,0.7531081353246888,0.8597736075788509,0.7997799843715401,0.6887269315118008,0.725433412998981,0.8697925983161849,0.721565650650939,0.8867875441095241,0.7376131102450286,0.7296543076200286,0.6383819893592191,0.7229583103465922,0.6849100171723221,0.948017830925973,0.9789740422621277,0.6258367974761677,0.6565144879971386,0.6736203758148374,0.7311020077675604,0.704485517865417
0.11111,0.6122736025361707,0.6593918037702036,0.644180525079447,0.6762806100255921,0.7122346459361717,0.801737286353699,0.6663789544090721,0.6848824251707537,0.8264019922315159,0.8246296003315242,0.8151884344920315,0.5047305655312088,0.6646950755111869,0.817025358632916,0.7576839672992719,0.7884539491226892,0.7270929935738653,1.0015401989497277,0.7571997508483818,0.6791956812005188,0.7665963506113965,0.6570880996218319,0.589023771989907,0.6052187505656564,0.8855208892852112,0.9892187385465835,0.855094102391521,0.9424110402965745,0.6802422968157625,0.7972063755049751
0.11111,0.955614257411463,0.6676163607485706,0.6444161549598646,0.7781286775396741,0.6627192741780337,0.9724440191842366,0.7575004760178667,0.6929030269661748,0.6946261487984641,0.916441305505715,0.978338883687563,0.7688794386743751,0.7832804947744401,0.7512487702666677,0.6392723150678515,0.6609447339980737,0.6104038128157899,0.5487038248267585,0.6463034944861071,0.548278908262867,0.954006751534598,0.8319680453016804,0.5651387455182717,0.7321717778526455,0.7538795588475182,0.6034941512402859,0.6577996738924498,0.7978474801968855,0.6814262783761709,0.7093744643812584
0.11111,0.7345312343067958,0.9058119690516071,0.8631065806314736,0.8562880068216312,0.7713691665011043,0.7695203981821059,0.5331312702904509,0.4355885620622861,0.656224461962842,0.5811684220593747,0.6682366580886233,0.7036203289687833,0.729309319509726,0.7324022454070764,0.8626985835182249,0.7293127692985847,0.7692897577497841,0.6782329345091898,0.63270548977265,0.693585034961427,0.749805583387493,0.8866832832185442,0.7499561932280681,0.8080030624942385,0.8074290507316799,0.6806440573834613,0.6728864217294165,0.7293867336425595,0.6140736711038576,0.6851865188813813
0.11111,0.967457192083198,0.815353143649729,0.6086000607206606,0.7845908966729974,1.1696301910372384,0.8149857067492039,0.7694462903665303,0.9883780197774813,0.7105634306974017,0.8499336528904712,0.6738404480503936,0.7556767180688381,0.7613991017366031,0.8537876259313973,0.5459875796384809,0.7500373743501134,0.9591755518783284,0.7068766652108178,0.6023106521583488,0.8881460833053635,0.5883275757128986,0.776929593167457,0.7602044549845959,0.9977698485821407,0.9513005441199265,0.6901300748244344,0.6996043910009669,0.7899645105022206,0.7887535138113414,0.6358825294482515
0.11111,0.6636660490698407,0.6108406903369353,0.6992347286406544,1.0790990786455836,0.9658710377539007,0.6311264983619895,0.5926277736822094,0.6155425584269257,0.8469878249734923,0.6628333892741568,0.7353493917013673,0.832030521265668,0.9294360938495788,0.8107136551165632,0.9595288689178546,1.0370188990779892,0.6710032701413144,0.6541511447594156,0.9540370996065016,0.7179465724124752,0.9330366654823261,0.6856449468110851,0.7069563091437873,0.7483020297215116,0.8303980394434749,0.649965102119917,0.9848991887021774,0.7047324177847468,0.6479978190146982,0.6702613926708908
0.11111,0.6172735446481215,0.723529345554571,0.6883316702551872,0.6507647523288379,0.7993699928414897,0.6633396030914289,0.7872026623416336,0.7358562873489486,0.7291351078918662,0.9311001759328913,0.6973930475293809,0.666271565848951,0.7722549011604467,0.8637530984336986,0.7563341355496561,0.5374372407621415,0.6650240969821574,0.711883745910406,0.6243003898065824,0.7568371490928223,0.761821180837499,0.7364798208195357,0.9045880903223441,0.8636534656508575,0.8104197329660946,0.7490492200343637,0.9266429281090061,0.6888705073790851,0.736386790275279,0.7999148646824565
0.11111,1.0207389626498662,0.7613002460845301,0.865851923635754,0.9119481238140725,0.8639536028602014,0.6719071900019896,0.7116205566517445,0.8050553542587471,0.6898064141867879,0.6767946638307492,0.7345447908117497,0.7534494865084458,0.7240956426249742,0.7494908171415877,1.0319492027770911,0.7844427930580595,0.7565498685219175,0.6145193064308136,0.7728990879217129,0.7779533345398878,0.8742630776374613,0.6978128531278907,0.7666181281635018,0.7025447953684905,0.8089258119963225,0.6826458736427177,0.6247408736408564,0.9163525964987763,0.8567092215673664,0.8174742554567015
0.11111,0.8269028613547711,0.7400672727180708,0.5925292347286295,0.717293711538226,0.8385590500645349,0.654984220983951,0.7129806589634198,0.7022793145787798,0.7997151348207537,0.6981079458999729,0.5642971061085571,0.6469542288516575,0.668878372281875,0.6934496229381475,0.9106868685174365,0.6250080426107767,0.6151735820405839,0.6796174651626163,0.7613736959556776,0.5949394802236421,0.7248148041985977,0.7833310759268507,0.807557572188341,0.7862663214685186,0.7418422762689973,0.7938810383445835,0.6023843021369408,0.7171908596229111,0.7456815708269265,0.6895521852199147
0.11111,0.7531763884496051,0.6882184153301706,0.6293732790357456,0.6686221289298347,0.7340058699143508,0.7011274280091768,0.7733919796327158,0.6717315648310355,0.598070365632542,0.8666573643690126,0.8929348588325559,0.8201282710522644,0.8080297498897863,0.6907715787822999,0.8450400374746028,0.8234132992482938,0.8362056610210479,0.9199373022427445,0.8426221053951644,0.8367510074151071,0.7139826040607458,0.6865608005171304,0.6486518106000623,0.7724654920442084,0.7033396319595254,0.8355466290109324,1.1636107123428214,0.8408738135004211,0.7738780336177077,0.874590288678641
0.11111,0.836685711998116,0.6391807991067521,0.7520970505583953,0.5987998320169781,0.7441076241412957,0.6632149516536208,0.5772581447067593,0.6183197259863736,0.6967110673211969,0.7253611817047152,0.6345512318429444,0.6292224213572067,0.8185238013747895,0.649641621598973,0.7297705375124318,0.534804763632642,0.6713498451325098,0.5489398927248355,0.6810165986745434,0.5438762876970801,0.6757794039410642,0.7680870185136084,0.7193551496913266,0.797287761652583,0.7691730483762693,0.7536011219716983,0.8054504293543425,0.6855658336927579,0.5826843069090101,0.7975306735489174
0.11111,0.8023496496270498,0.7230462909488815,0.7449905386028481,0.8217385491974749,0.5722830704778233,0.7075538347906123,0.838085657354739,0.7437105394087399,0.7732764346436046,0.5535381152150167,0.5366052928113707,0.6402550437921419,0.8165393394658603,1.0175218619056892,0.8246312771101854,0.8033385964630003,0.9494520977832769,0.6214658027360486,0.5737274733667981,0.7284320178305665,0.5980696468901446,0.719524315728172,0.7884148633879523,0.726764457549082,0.7426090124997667,0.7728898774069766,0.739947439048165,0.764793427799442,1.0863927178617505,0.849184712653216
0.11111,0.9245083740870964,1.3345621783708135,0.8781869738000848,0.75460104589325,0.7809174182084339,0.8085638699958116,0.8499924941901936,0.8023793803444489,0.7233468410596812,1.015346534179072,0.8818331758470886,0.6782341060302043,0.7056163473811119,0.6790919628717776,0.7731078952320524,0.7556193639646054,0.7013195682581296,0.5301333377856122,0.6761222272281525,0.765511306985378,1.0785085650215194,0.6813659429274296,0.6702953997393618,0.6429089480547664,0.7592593793000962,0.8558991771208065,0.8564626207432519,0.6342221625609585,0.6914857233181947,0.7523254921088278
0.11111,0.7680134095825841,0.4853446834169252,0.8378397571132458,0.8815010688282304,0.9029778083528718,0.749979422610034,0.5735584301617812,0.9437804600087222,0.5719426295347807,0.7058196885396127,0.6651278447454492,0.6293788896923499,0.8609318586772353,0.6132198717495934,0.7507649915825924,0.705689464904457,0.7914621943489191,0.7675910130153579,0.9090894009063676,0.865155824266336,0.687884378927473,0.7207902540036389,0.6941324766416013,0.632980333124333,0.6766860265495909,0.9762451949406653,0.8189924689734228,0.8621830392930935,0.7940416989486293,0.8206460142257063
0.11111,0.7357332181849976,0.6635190645605625,0.6167705619609588,0.7462369667308782,0.6247182029612394,0.563572036752503,0.8600946899664293,0.7246388067881383,0.8983777537084379,1.2436812336120513,0.8919432322221548,0.7789621318057751,0.7840733014200587,0.6548578841599181,0.6504105494199098,0.6861204470559814,0.9185213451418865,0.8727929161879053,0.8543926175644545,0.7300625260923806,0.8177998640010521,0.7876073109068722,0.7972049146299038,0.7737909350287402,0.6799583629355711,0.6032636145824862,0.6035618351272707,0.7326765858297773,0.5079271766596279,0.49360981154062017
0.11111,0.9010860714877592,0.7165292921499083,0.8605362367432139,1.0070606120636212,0.863506574625122,0.6566589567888294,0.6680437741839393,0.6891961380617833,0.6524621023087257,0.9404452338791387,0.7630400956427078,0.7088335182155358,0.7163566671930492,0.775764181131734,0.8720671119725335,0.7288485922513168,0.47292573566486096,0.6212138414364597,0.7719800731203911,0.8910730545089051,0.8901672046118791,0.7398317839227885,0.9068599163281842,0.8372740785404764,0.747311472577803,0.9266250670781456,0.6621195251011509,0.6748964440581113,0.8520684165428769,0.8747923290478251
0.11111,0.6300810755672553,0.7482220077938538,0.7176359306663518,0.9582557512860645,0.910122128557195,0.7626429114902362,0.8043534723030373,1.0078691480160187,0.6269283320988426,0.6301732575248634,0.6173350965570543,0.8726248792574132,0.729440679338809,0.7708424308805379,0.7974159858994,0.743690546692141,0.6948496021483724,0.8672742613914455,0.6772540022077156,0.9329519209081633,0.7629590662674136,0.7874506507485426,0.6610572892519103,1.047407250460447,1.069780169387202,0.7372011615733417,0.8068691863861571,0.6702194513739724,0.9945860437569028,0.7190491502960438
0.11111,0.9255661482149248,0.9701520500910135,0.772805861642751,0.7763277283493848,0.6984462554456343,0.6036162041520184,0.6473246396284654,0.5421866817338903,0.5302085973737944,0.7651913292218031,0.5578347318398086,0.5637911264056434,0.8222867257028806,0.7242730616563157,0.7988049285688578,0.5708815846365708,0.7054513370812793,0.9778187036526615,0.7524771956177364,0.8014374710994612,0.8339673013158075,1.0163415262913122,0.8886276352403976,0.8606843289477719,0.8103176509183293,0.7810341444568502,0.6356649323753683,0.6972234673973499,0.7737694034671068,0.8677990047655889
0.11111,0.531071286855088,0.6176277682970609,0.81303765690318,0.6697960044061596,0.6850975103496127,0.7937585437803907,0.8134687918744199,1.080765888732107,0.8760047649135322,1.0304303862711153,0.8640886472091855,0.7974988706134414,0.7642552790333142,0.7860946292894854,0.757085095822503,0.7236795196736462,0.719906160484854,0.7727199283741277,1.061539312268106,0.7530141399620905,0.9085231899810101,0.8227653627778195,0.7177873121111983,0.7641403412114038,0.5930795051188232,0.719482412891747,0.8058580741487058,0.7091071366585024,0.9189540690111624,0.7427888096595496
0.88888,1.2142578515377496,1.2724361363563759,1.474828834573866,1.4943246563536223,1.6769728001800206,1.0268910520700296,1.4445451774898992,1.342234421732718,1.16202093102998,1.4515085049257141,1.5173446952438245,1.6281781516555986,1.3812617174157042,1.237329330644853,1.2036777795045814,1.4301363056228766,1.507321818037347,1.2751882569533086,1.3723185541806682,1.1241634413458812,1.349703668077795,1.4925624705828606,1.433028633165679,0.9867708884895572,1.322138680669689,1.459089129011064,1.820295474968715,1.2159458009969006,1.4216569519557698,1.3079760902791706
0.88888,1.6439599125526518,1.4910413147715416,1.2555271399575,1.3245949673819497,1.5828893898485832,1.4701842451660045,1.3141150581653889,1.2403847512716062,1.266734784156137,1.2135854627649192,1.1307014898059518,1.3021133982171995,1.3765074826832242,1.2573953634215709,1.4765518976272398,0.9889194988247552,1.2010130363435223,1.147490133568536,1.487975112625966,1.3178079520373993,1.6238009216540374,1.4440404636824908,1.5221111081139964,1.4043892174216384,1.3434192856662857,1.6169236831713902,1.367777091317358,1.2893505110078156,1.395729474743235,1.2557611404447395
0.88888,1.2374345875885,1.4171345537883282,1.4782817300209037,1.3230288877561691,1.782774049660749,1.2416250274509484,1.4698378063627362,1.4171714038828749,1.4650079652728805,1.3682155417820976,1.236071697764493,1.1699161266286193,1.1624547647137153,1.2004928623636035,1.2674949200885404,1.0784626520275697,1.49843648728078,1.754669377467667,1.4300203095453168,1.36551457073796,1.4635869651635636,1.5173704348268386,1.3334374816755308,1.4895385251796835,1.4163810947864865,1.209643196121188,1.4409770530823398,1.3406091806888019,1.6870122498665234,1.1761570261475844
0.88888,1.83715043402822,1.1735920166000586,1.4616590201726645,1.3070757028416573,1.422943917743824,0.9889894119949576,1.1261950897905106,1.2788496184464055,1.5985358485331336,1.3288716242710639,1.2139734988099262,1.33182483958116,1.7157621572175243,1.5497623988946974,1.2474587509095443,1.2365820809951087,1.6181825496132844,1.7366602260319621,1.3147291247670243,1.1703604270866952,1.4229487808946408,1.205165869430276,1.1702826434672677,1.7230924921705553,1.170526122532587,1.1767096291992543,1.3197525270327621,1.484641767061979,1.3602621273900333,1.2374624882028085
0.88888,1.6980475782489386,1.5192699461591557,1.399202464566064,1.6128995241083,1.580534385909204,1.2826578314108708,1.650825969923205,1.3920018156637202,1.688501786282069,1.329707114343418,1.3836892075294642,1.223024128363292,1.3188723587290134,1.4008377873407574,1.2361419045593178,1.2323593384078644,1.2136471850992232,1.3697680408169748,1.5571097427151288,1.5661391177669093,1.1297231234424872,1.3073148293397616,1.6165544835975745,1.420631483655922,1.5501565416033591,1.5310722157797063,1.5412446057344322,1.6111855814632798,1.3719754014706698,1.2263851748671841
0.88888,1.4062539213036567,1.3259874108065899,1.4800733684563894,1.1436212574935662,1.2354921831370675,2.199039204346867,1.4424859966720187,1.3318593341909684,1.8023970132431792,1.455545677832756,1.8523135186889021,1.5913767935363798,1.6563622678809942,1.858861973068943,1.625727390404465,1.5647867855965307,1.4475612735161016,1.0805579874456823,1.0294782738603014,1.0564831270967552,1.4072921551058772,1.3151823127884958,1.1532255401037934,1.3180990660556609,1.1663585520467563,1.4027006524192038,1.1837992006465858,1.1430917885958412,1.43135554116765,1.2637387715974517
0.88888,1.3410950592700466,1.6321890622934005,1.6629234844429417,1.2801556328006822,1.1682410572102575,1.6289898878472167,1.4784257824075353,1.433920994928222,1.4788866450236826,1.1138813377790764,1.208587757556369,1.8020841846842501,1.9801892829984964,1.8010363909838933,1.4368369404358599,1.4479422528790218,1.31722381251535,1.0915042829466206,0.9912045258940427,1.9430577802076126,1.88283500640011,1.476338673441272,1.3745388227546298,1.8060907779622897,1.3916965689493153,1.114040386614612,1.3017764752263394,1.6933099465888983,1.296593962809485,1.378417378682314
0.88888,1.4071398789968017,1.513653632278507,1.5214195571165958,1.3298665042998155,1.3951763869553966,1.385877553875969,1.5083662178849033,1.2636525405581693,1.1638678727941785,1.499693758704761,1.4990294635585124,1.2255339531527485,1.593362580717437,1.3641149875098557,1.5120541081672363,1.4001163256078186,1.2845175606865742,1.5255156593225236,1.8723781748127688,1.295906635700916,1.3199412727683495,1.2784840611547803,1.5215946206897886,1.3153904979707078,1.2269114572204132,1.2258164700416576,1.3839185498721898,1.5695538052481344,1.3819863605041867,1.3925204919251797
0.88888,1.4562204961429395,1.3423975077310317,1.4817071565182054,1.4113309449218967,1.3359864752733888,1.2721723377707068,1.6401329865284526,1.4450067030439524,1.2101933492293895,1.3408523580828684,1.7588016544511653,1.4945239240393484,1.3685496195812128,1.8161129310497477,1.5391483198178646,1.639353923920542,1.8394648296735145,1.4109396677566093,1.153285854031501,1.2693075393237088,1.8303391546215573,1.1762740830866818,1.1059995738412447,1.2650439149326629,1.412000785372874,1.5512693108774294,1.6944244904558194,1.728403634513911,1.3653429939315256,1.3169192914653267
0.88888,1.3979225677481883,1.2900993356033341,1.2169813628497075,1.1540275039786505,1.9610136295395482,1.8113140252608255,1.76080069055802,1.6694027698684202,1.3654676922343176,1.4063591015326222,1.1867397827024297,1.1858167828321904,1.8983085912049227,1.4516528427696997,1.3552572986970584,1.4158126447100885,1.439071770084453,1.517725758540062,1.390559181997812,1.4041303770386988,1.7915885552709918,1.7168282843298306,1.6457897042623901,1.250966324971044,1.5189581848134195,1.695844251637687,1.4146618597178409,1.521358689956219,1.4690779198208836,1.6706972736573358
0.88888,1.2177438800425062,1.2202394249577382,1.2793748852933409,1.2575513847396018,1.4829813781150318,1.6729845013311235,1.4482724882903784,1.4723144987001706,1.2569838076822415,1.5926074314682475,1.8573071121128528,1.9474007663363513,1.4769194781865405,1.5221992403131022,1.2874494071048095,1.5260371070554581,1.4261397341205444,1.4413968035634925,1.658805945803151,1.4481260063749124,1.239329730624726,1.621102894581469,1.3423491351077754,1.5417956768203709,1.4073103548197066,1.1904983166976566,1.7466403633328738,1.7294333672561661,1.7756909924433588,1.4217869999348964
0.88888,1.2661414741491799,1.2157779672493867,1.547809674682282,1.4109207706089033,1.2636776975840582,1.5300603084571374,1.1932365378631904,1.3694283797899816,1.494571376459344,1.523599633825816,1.130618323761733,1.3144568073898442,1.4862716862045853,1.1640339862079605,1.328927458381998,1.9078658533733461,1.763465025899432,1.262312191330721,1.2785890944075875,1.2524365116870162,1.3835626090306476,1.3584573195094316,1.7690117604284596,1.0905570269528428,1.3844390147004988,1.6102334315680886,2.0380328464571864,1.4419357689034609,1.3210225148110388,1.114280963047802
0.88888,1.4557158468214721,1.4867539300134356,1.1802476789500922,2.0421948961312038,1.4452553472853353,1.5746214812306285,1.4977176624426163,1.889899043118122,1.8657333540309073,1.4678563216860867,1.9518711079862547,1.2943292400979725,1.372995400668894,1.5363616981244599,1.6472315422788766,2.0844456878162374,1.4127159565289047,1.4669681269478163,1.9991814200770641,1.6679044181714486,1.5558865406221845,1.2850987784623966,1.447704222935512,1.110219716865308,1.5794381598953884,1.3004702192172606,1.4298584305104651,1.0882118900541704,1.5784535332518137,1.265071609478659
0.88888,1.2980412058698514,1.23617095891689,1.2158835857296018,1.2188674977086877,1.0374820440231518,1.166303343982979,1.2673576066011722,2.1319146513693794,1.388678239070401,1.93568857413231,1.7443032503654141,1.4893232262563558,1.2764829502255581,1.3520491959357468,1.4068122417926796,1.4097771025717856,1.6800174446195029,1.6902936050481765,1.2860330374304851,1.4089140646658944,1.0187884950844173,1.1192549404468968,1.3232219519888941,1.4393552108322993,1.4037525699404105,0.9902632278624007,1.3244716329116488,1.1331360155792063,1.5032262485725811,1.4931589985902232
0.88888,1.2208550363131176,1.2043029659263433,1.6587166877823616,1.5765200489143685,1.9368998615807915,1.5105901300401499,1.2891718346162866,1.3154670174212106,1.715938996622129,1.6410718397971078,1.3540163984956946,1.518748050513332,1.2518542729657798,1.277421613580627,1.4433442258349658,1.3767743440366849,1.1766308308234446,1.3903025670538955,1.4286907769889223,1.4403815053287656,1.5826794723548376,1.2692689962491392,1.466560918625982,1.827459426002158,1.2295808650323863,1.044680285259202,1.568886093590779,1.8268184914697603,1.6500761714418073,1.29754874352661
0.88888,1.340150199184643,1.2707800184648976,1.2538999578025423,1.5397779237440548,1.3741638192156524,1.9129196323986095,1.7464829801357642,1.8262144871427566,1.237823369160461,1.2939783352484295,1.0277605709338278,1.3702935898229236,1.422753469842959,1.3394070850509576,1.1586288921868293,1.1257687032914336,1.894908375813199,1.5540670305180841,1.0755704929742413,1.297819365423515,1.4165160241668078,1.4175525009891745,1.3214430988148513,1.9447278882055152,1.4625644626225278,1.6166773702312036,1.7528277349004326,1.5309712674843834,1.7251216761661954,1.5191129268343282
0.88888,1.3464775547672365,1.2279686265143095,1.1168998260583014,1.2457603732463858,1.2819624746688378,1.135529028017967,1.3916693582059114,1.4156128392869867,1.8476831369660267,1.502055731936719,1.7095135182011303,1.2350495550349805,1.1684010331878985,1.3302075658872208,0.9957878460612203,1.3991162155871302,1.12433040596029,1.2438491552840443,0.9701351772316507,1.4981874302277831,1.2173488325448496,1.2149914975617708,1.2701190049625748,1.4041448969246826,1.434219403716754,1.6783538926788548,1.4025981674719454,1.6647016308324982,1.7466917986277297,1.8580931746028633
0.88888,1.1969444181130784,1.5265144304195317,1.1816038001267337,1.3520757458450146,1.4244000896272782,1.070456432811251,1.105602795358702,1.3195386589169267,1.3434563310464818,1.4557111118622472,1.014435514068964,1.691574991553568,1.3495814148625525,1.0937250142740533,1.3878240553131258,1.5659229403162682,1.2349907312448554,1.1804281513883492,1.2353412600060065,1.157712499373585,1.8648941069692688,1.6913072354243983,1.5286955301288554,1.4532548202189288,1.4750812801840274,1.4909542260203799,1.3490063409244177,1.4971059370341404,1.4170402898902335,1.3528753896010925
0.88888,1.293819056879088,1.468230616266186,1.1263483648179562,1.653676944548153,1.4130599475317767,1.279599434516979,1.1690641192577624,1.4116673740870955,1.6123235472132353,1.3949071472530263,1.2915164890762223,1.622263494419062,1.1159488078982218,1.1501469535069766,1.3406660633178933,1.6670265708700205,1.484500207889398,1.3612824317710392,1.2483498936757664,1.1699312861616253,1.1878823432137628,1.6942989182279276,1.6271302337115807,1.9547711809867807,1.8913530436923984,1.228053317276099,1.5387299354401973,1.8224318100792147,1.7442707897080703,1.4858474171468448
0.88888,1.0430492402992657,1.4436505563717212,2.0760931171825505,1.457399226895413,1.2444084146161323,1.2749448543404942,1.2142959638334043,1.9633513809643202,1.7827678105745666,1.2083000582086312,1.34823956332937,1.5534528513990564,1.090352134107275,1.0928735448051077,1.0420836038132177,1.1579495379840796,1.096052222209752,1.6948652324971216,1.3594791487928422,1.648678209511127,1.6506872719558783,1.6365062361763236,1.1555555992390762,1.3480244837222461,1.568340333140467,1.4704315317889374,1.3295850087322576,1.4579775531018864,1.392914374550525,1.4756991897137453
0.88888,1.2454038278127861,0.9245837607286286,1.1134945877125075,1.385701292921669,1.597535861637083,1.5521075839893097,1.3802919057264946,1.5474967940469144,1.448095994915922,1.9203696579178864,1.911603061285203,1.4514525138781855,1.719152517081868,1.5976667469057488,1.4382096866426985,1.5877616172571665,1.1508240469083866,1.334947297978619,1.635377804555849,1.6775144611505595,1.3469026081846744,1.4847212350573429,1.327289773341806,1.4009964159141983,1.5524445336540302,1.6556019593570945,1.4140156003642055,1.3306247986445385,1.0914166664129281,1.4365485324735001
0.88888,1.3414872907738626,1.5450589596046111,1.8754789807422398,1.6639457360127863,1.3868176012074245,1.2977164303626343,1.432154118138219,1.8833837846384351,1.4341341550890332,1.1037134091417338,1.2750951562684576,1.4674187368712697,1.5952033443867104,1.1560224446747438,1.3257747364797352,1.2818648450055317,1.3163101152927303,1.1807090563128408,1.7952781140929486,1.3356795969525384,1.0664943203823507,1.549152968917702,1.3084232982774728,1.4145598475312267,0.9576207346969986,1.353549798024711,1.3154507519348806,1.4963242772717198,1.1507072640033489,1.152312972735136
0.88888,1.3636206505264215,1.6179761239464434,1.4092473355459665,1.9185268633981676,1.7775925665548273,1.7423054940672504,1.4758360519514409,1.4520542822111293,1.5333859264159244,1.3033755642747515,1.0177763376761833,1.677954763670895,1.6315675025617802,1.5794775694227816,1.4340059383232162,1.5270382545762593,1.3839177723179665,1.3731463301815887,1.2970282952046577,1.2457382903901395,1.5315595491019944,1.1554748866378934,1.3695633545347525,1.2474929891229138,1.2398151985025818,1.599457875718624,1.3251412928584094,1.7420208760229168,1.7761124421150523,1.5342095006234533
0.88888,1.4375363141400854,1.627576742844031,1.9697800327137915,1.2773668727683203,1.5417793830407907,1.3847759704778224,1.3771219093754097,0.932217924264488,1.4215120630505116,1.5337410746599829,1.1489034688685473,1.0863382460439917,1.315439996049102,1.6008719845872363,1.1907878420392446,1.4836913803914222,1.6023917245428303,1.2302631821801422,1.4838656332149351,1.5041033742273056,1.2423671606856186,1.237581222732028,1.559186720795072,1.215711604334114,1.393115219767847,1.537018733327364,1.223494290144221,1.3455954505142627,1.0941622452216762,1.675470964156141
0.88888,1.3889761950903343,1.4105529392874905,1.3324210998319757,1.4321062465299974,1.4524051976000563,1.2430590720034196,1.3136792766956118,1.4179640024354059,1.298386229223677,1.1711914211279748,1.4097702712136024,1.3377995228670276,1.2458514337230442,1.4923257826540575,1.5375949311487134,1.4281528398951515,1.7493199980536982,1.3050611081797128,1.1727839743362158,1.2127662251166165,1.4212163740247148,1.436913537196887,1.3270774482793022,1.4009625597251516,1.5628442043579467,1.4609984181357678,1.181245302706675,1.116564302416134,1.1659473105145453,1.5494534561259306
0.88888,1.167718950885359,1.4602330348978767,1.4265307904912656,1.5708339088559422,1.1791544620810763,1.3700108203510384,1.172611876303681,1.301339631610679,1.4780701672671475,1.4245807258368426,1.3035060530406282,1.6985071429989003,1.4762680043276981,1.1448545110756345,1.1756226128265883,1.049959626696673,1.448499431818121,1.3070704660920363,1.7895584557723088,1.5426343225145422,1.6793377246313708,1.7210686480446855,1.2113642615984281,1.3120944978886815,1.6158884425620579,1.4039462631661543,1.3493804734272565,1.2527549368579045,1.2935943843511155
0.88888,1.2988518806234222,1.0560139418876948,1.2878052740394101,1.6391926100727248,1.4772991302325633,1.415240869417087,1.1739850286596927,1.2730071243931975,1.1252903781249488,1.338791220786141,1.4100592543364068,1.6094156911562303,1.7105338157653522,1.4075467584105286,1.1622360134370404,1.4488209574710968,1.0082036129930034,1.1947893594022783,1.5324802945556155,1.0818246854314626,1.4594457312778897,1.1330760799555486,1.1197829816121374,1.7087425011997102,1.3876335060484133,1.2001415677964844,1.360085598212581,1.1972451311941024,1.2581724112363886,1.4302784593886757
0.88888,1.2037714977441079,1.0784373370811198,1.2761193258185026,1.136761113785416,1.068486043915117,1.1643384820961935,1.104601734763529,1.5604962511733054,1.4111349511105824,1.4617221070429918,1.4411721711125394,1.493498446597133,1.4293471131970457,1.486321863305285,1.4048136490545615,1.8103605362014223,1.394959668687974,1.4469868679557791,1.3063027941818597,1.3492673878532853,1.5245945135594305,1.2707394025487682,1.1304590099479823,1.3918018840654238,1.0936031180069898,1.8319261609339015,1.287854202132553,1.2846681247883058,1.8438747085417024,1.4710574438932966
0.0,0.5506094956634872,0.6699995385944678,0.6818830918974719,0.7190996926340076,0.7020725624381059,0.5525296255049109,0.5772116755938002,0.6398192183944466,0.6158251313200355,0.6428829082261565,0.7560432562102923,0.5542060336194861,0.6330562826837763,0.7923323882401051,0.6971894056116006,0.9838568206699184,0.6241572245482012,0.527258748474029,0.6189931878827982,0.6716591522132292,0.6031079790952123,0.7119030400246809,0.6229262045708209,0.5359561689573019,0.7258798691692057,0.6127324746381939,0.5815648440296478,0.6330643671255463,0.7487541903413867,0.6544796333526625
0.0,0.5891625502315118,0.7550171004737061,0.6369286307236058,0.7234412705297402,0.5343195162609099,0.5110393757453331,0.7577471788891508,0.8842029754221892,0.6656037934081772,0.7214605654149562,0.838209239621499,0.8591961989459765,0.7219752440636291,0.6084891963511133,0.798279286602549,0.9397634854544551,0.7864445082540931,0.7272434335954912,0.7677550716648845,0.7152233608096515,0.8067078319346503,0.6948854899643171,0.7246534129814726,0.6828012683088722,0.8318690855859291,0.6835672480315185,0.6125771512656334,0.6832471562046205,0.7897420761280818,0.5822802662312712
0.0,0.7682459473053883,0.7589835890647784,0.7280794332010313,0.7829224375637374,0.8252973311076407,0.7362632518069886,0.7363917375158154,0.6151226010826456,0.6840394737405127,0.4631774248802323,0.8440778398403695,0.6826910876659325,0.853231372189777,0.8321626674455253,0.7203124286586803,0.7659322204791622,0.7748108238556815,0.7349561697726193,0.6296268787303176,0.561900633633953,0.5949101852946042,0.6994081055523089,0.6740187151050385,0.6669341558629838,0.6929694655835763,0.7249948797834189,0.7707263115294538,0.788807670924792,0.6299951913349269,0.7697613235690868
0.0,0.7265574663621526,0.530292979651564,0.6007258763783198,0.4836275595459174,0.6597775396299093,0.6717886845102524,0.6343050329754362,0.6919641604197159,0.81105281091858,0.7970776219437873,0.564544115925897,0.6578125191505894,0.6468640837581701,0.5458169578563705,0.6790895089786584,0.9326322655653755,0.6725355166742788,0.48352284808267776,0.5633572138589328,0.7735787336660928,0.8099307962275507,0.8048936531130387,0.953013934214053,0.6713936551325766,0.7636951212979413,0.7869342906052332,0.6177094416441817,0.5350955203294658,0.5321523229262815,0.6975249360365072
0.0,0.6694588357227671,0.7539916748646339,0.6746708962998895,0.6439739247912857,0.7077381707973724,0.5453412839684749,0.607965731454815,0.5960289351839645,1.0210330605120594,0.7036671242095646,0.8046270644903812,0.6921543859970497,0.863547453631674,0.6602513919075667,0.6727889082714354,0.6339109184267222,0.6525578528330658,0.5109687677358048,0.5519466774102264,0.6939729654976646,0.6669030428086201,0.6720434908731849,0.8229834159943482,0.8776562110900797,0.8053704244477388,0.7561818236216427,0.6286578923147553,0.696849414853213,0.5768318383378428,0.71682056017653
0.0,0.6949473495955183,0.687053499904482,0.6900152031167442,0.6920027511803251,0.6412022702292611,0.8240062700137745,0.7396070609919256,0.6269256126917337,0.48383697634434214,0.5779570333377612,0.7800474574899592,0.6477604509092567,0.6038342068492132,0.6814726910297312,0.7628095805824685,0.6204701769409398,0.6108495392747547,0.7241424561607305,0.6938607470020396,0.7189853801571559,0.9713409493752806,0.8389136968431753,0.6549164601974923,0.5430769837374666,0.6381865152543632,0.6143567555893902,0.7588169691053818,0.8067002829755926,0.7306151494850417,0.5856684298393351
0.0,0.8044503116722312,0.7735552744513664,0.5676408265979982,0.4830625443811454,0.709035944882328,0.655279629801962,0.6897112059844117,0.7103517625652687,0.8474469721270875,0.8308316846569782,0.749989096500381,0.6366597399340247,0.7595935093296606,0.7530767729217325,0.5803868336432287,0.5473283948606567,0.7237353897287443,0.6602420056839958,0.7724166630966967,0.7028168783618,0.736917430429879,0.6300717941792009,1.070775303800136,1.053733321135165,0.7018742861004257,0.7134383711399513,0.789658919067216,0.5484801567970359,0.7716149180576872,0.9343200428997829
0.0,0.7627937696557724,0.8880829144363491,0.7147579759597743,0.7440347467869124,0.660651400973346,0.689308654791994,0.7528992702291689,0.8678494002984789,0.7325376649539298,0.8000626713283494,0.5720682408647224,0.7135945132244047,0.83651503378261,0.670661819416118,0.697045600459095,0.6688667812930382,0.7376626731963465,0.8520500769852802,0.7240853718669661,0.6816144827058068,0.5891665808301584,0.6948518713732027,0.7279444541629116,0.8107008843150524,0.6512188308848582,0.7665580726203698,0.6323903402728246,0.5673674666641834,0.714857760301533
0.0,0.7160805991538384,0.640825303430123,0.5528362857367026,0.5557566442905848,0.6420919323379622,0.6758442992688231,0.8940444758209682,0.6792521750355984,0.5832458515194484,0.5193748528444593,0.44479221886410564,0.7645457053062952,0.6603287478552262,0.638953397415627,0.828283575907405,0.6439133885894622,0.5276736361185428,0.8590713611860291,0.8594352899145048,0.6583217840334666,0.7240325548507738,0.8208199271169406,0.6208437414623215,0.6631871639259574,0.6050183495884445,0.8372204302082651,0.7923428751167961,0.5977300337589846,0.7307351695383472,0.9526009507979554
0.0,0.7628122549685624,0.5393251679765936,0.554705815117987,0.7943830484576543,0.595559645134886,0.5747004490722121,0.5704628212645164,0.600007152249164,0.7304711762910563,0.7493118133132715,0.6924706243191975,0.5752408275748332,0.7621901247406475,0.8522971649884947,0.7417672395180054,0.6314640304650678,0.7247423876572471,0.6458430455753588,0.6448319878430303,0.6986908835126032,0.6928369130922531,0.7981427150786108,0.7762949620167346,0.6726981511521154,0.6341087592266739,0.6559312522495278,0.646150081940225,0.5789100466070367,0.951083988593382,0.7396070504568533
0.0,0.7480962391989405,1.051531402514021,0.6128287268056002,0.6371842753378812,0.5602792328024961,0.8501067181285982,0.6941626150957588,0.7014589829171342,0.5819164838445446,0.6011625069318745,0.6950167978342382,0.5778716864712617,0.8782668487078731,0.7642156799993411,0.8276664887559028,0.8544044822713924,0.5954782225995792,0.5907719009078495,0.5953764748576889,0.7844738767072833,1.0192789902708805,0.7191514532262342,0.6884387220758451,0.7998992187586512,0.6859945932082746,0.6697616640233306,0.5755173329684978,0.7202038603253372,0.6181941528190456,0.7319088967651931
0.0,0.6100715046038011,0.7004915313247334,0.8447145345373414,0.7284103042514526,0.6993366887143386,0.6496796882795192,0.7750629218786799,0.8647244457520852,0.5800960974302541,0.6764400156773279,0.6745411703851112,0.6514444992951041,0.7322978417883963,0.7440239506212291,0.6694036512622088,0.5613517537225203,0.5068482620370741,0.8105383726191692,0.8175111381186655,0.7274773724769255,0.659932770181549,0.5542575104057195,0.8712054303797636,0.6947880318782843,0.7177932063802863,0.7404111384460705,0.886927430512389,0.6521806464257723,0.7833731691484269,0.8770131614790008
0.0,0.7013533672445229,0.5809898502714484,0.6917151478861965,0.6005932258038451,0.6282891870639493,0.8325887129620932,0.7036571395153702,0.7286182056471132,0.5287577122920293,0.5263351903806799,0.6347314509876669,0.7561724809465226,0.7836022775135175,0.5950017341372574,0.6834792916298548,0.7103563744891319,0.6347423285051701,0.6903379508817772,0.7100802439360467,0.5969792767629736,0.5547071910402748,0.8674787477702676,0.666255986185595,0.5586328223595045,0.6492063529654359,0.8521600885344365,0.5037873495571623,0.6700640752983017,0.7139147476515934,0.7926306707443431
0.0,0.5894285784304817,0.66230807476807,0.7693822886795313,0.6463731712063495,0.7088491485374397,0.700009942929644,0.7083388642723548,0.5886582802886281,0.6074268092557634,0.5936678323481753,0.6811203975014081,0.6377927957592774,0.6361034109290408,0.6171103903014402,0.7182669935162594,0.6092340153693614,0.6103255023004082,0.5596488315454494,0.8303157530262317,0.68224315808868,0.7465612348248167,0.8063887048078225,0.7036065540171725,0.6441736898465182,0.6902795745744079,0.6097721743947693,0.683796303970778,0.6728795544046715,0.8531987274967657,0.5069901770200366
0.0,0.5922583505617629,0.6066882854979067,0.658961839728267,0.7424333047352026,0.4926464486063781,0.5806053154260241,0.5621447674395316,0.4994025043645648,0.6432777225705683,0.5096873551440205,0.4836769774842538,0.45028981488861436,0.5558646859108171,0.6124219783477148,0.6123575896762004,0.5324070984068875,0.6484371319465865,0.6702755337574207,0.5614725838320299,0.7160351315654306,0.7117611628767105,0.5982412035017693,0.8391077009932542,0.5945681322591311,0.6543787973066945,0.7289069936068575,0.6255223369994081,0.7924894291030433,0.7028076407845915,0.6073581029639037
0.0,0.9109895538453799,0.7295775946332275,0.6666336003176936,0.6410108443697345,0.6680485006215698,0.5679414603123147,0.666164703874851,0.707264323049245,0.5927042662703875,0.6992780317931586,0.642655363738274,0.6563251081111561,0.6949205556923452,0.6204212687326243,0.524033165344888,0.48760804333849034,0.8172058415577198,0.666597014248158,0.5916753783555193,0.5172604968587925,0.7695856725001123,0.6573857831740835,0.6795562451767858,0.6292141877866009,0.7299863702765433,0.9724382677906599,0.8581444712860856,0.8838844776635268,0.6740964920667263,0.7944534177217631
0.0,0.7194804737127076,0.8771150588662678,0.7397020427326593,0.8459083668697666,0.6706606433967921,0.7548709475098309,0.6623283522143248,0.6954347419416946,0.7351889631414954,0.6169870661394738,0.6930394019764456,0.6991964643605104,0.5060871360969604,0.6378204708135737,0.46619690344893444,0.9526353321826294,0.710048992671902,0.7010791480581717,0.7095577232275356,0.6471257301298495,0.6713302768237083,0.5959752227263729,0.6300986978285162,0.6039639908362653,0.561399136287833,0.8792964408725862,0.5993427548183798,0.7974396292794169,0.6935057556824022,0.9403787879330953
0.0,0.6419035086642815,0.7902682274603902,0.5342850193591826,0.5793857159956342,0.6510257555042788,0.6851296155957176,0.7424927822395598,0.5493879080245719,0.7098525133506666,0.6146060714017502,0.6652586167090487,0.6933682968538785,0.639056018593235,0.75271392110982,0.6410371945539737,0.8367988737441844,0.8322588566375542,0.7699084746118341,0.6921901183903946,0.7198567161040493,0.7559757423810031,0.5745226651137493,0.8244172329419287,0.6525364773939003,0.5966246500389859,0.5878130493078357,0.6506747679437799,0.622411722817884,0.5772323253304844,0.6111920211979058
0.0,1.0261503404284225,0.7883447404097405,0.6715627882033823,0.5962624632346072,0.6633554851880423,0.8168999350392249,0.7627470004891361,0.5967544975321805,0.5943263073499817,0.6213341868226787,0.6672755950362765,0.6954155526970013,0.7821226442081944,0.7572080895086067,0.633274658859425,0.9002306301456752,0.8363231380234321,0.9278298966957562,0.9544611462585741,0.65697661140852,0.7232314496625547,0.661792249944165,0.7385046464276478,0.6003463404924224,0.6938618374543192,0.992466485711305,0.6682716159576204,0.7460172261422617,0.8637057918460069,0.7240271889349269
0.0,0.7408125690124965,0.5330908000004309,0.5133153616036216,0.7661110365036459,0.6486755761950205,0.5908459846164037,0.6811305227113588,0.6430866126285595,0.6520390147018349,0.7053874849946992,0.7125549669361109,0.6610817058462403,0.670185092136007,0.9729954940498287,0.6381411911874966,0.6709707922928395,0.5801359991922906,0.5827024155789681,0.6491200121262477,0.6360169370383018,0.635899560770475,0.6495723113486843,0.7832843388737049,0.6042012374016849,0.6768588359677127,0.8132048586120443,0.7295702640609227,0.6185381028534839,0.5260735053154959,0.7686347125529975
0.0,0.7393161197490482,0.5737747579383721,0.6459537527173487,0.8116661789946503,0.6959523290071304,0.7229120260630154,0.7007461196949664,0.5049680705399028,0.6803550027221127,0.7370278554246164,0.8167497336144357,0.7175659234606057,0.7764105781855125,0.8968074178505563,0.6608864282249951,0.5799302711188841,0.6579383350956258,0.8357999103422965,0.6814081087979943,0.5289153135047818,0.7135425780591379,0.7099819111091736,0.7147965133003679,0.8487672356374665,0.726635140474288,0.9345416555926034,0.6725841832479746,0.9083369482628935,0.7565022449222033,0.7620618115186036
0.0,0.7578020236612559,0.859220039970546,0.5829933624260415,0.6421571028478141,0.9252484340854895,0.8425012918248651,0.6130250187152074,0.5521157020977014,0.7728566879984665,0.6944582535315549,0.6747198431112728,0.6607501151645933,0.692901735108184,0.6850306595671428,0.5190003495645189,0.572876361809164,0.7812185062564351,0.6377355285572556,0.7120788802212205,0.741868397953488,0.7187329513749633,0.5734279397266084,0.585046436296027,0.5287768587209019,0.5297238633114348,0.5652692347790399,0.6598862290692816,0.6374359195390611,0.6675378532508327,0.6750830541541077
0.0,0.5239493467538662,0.6904653482104415,0.6781123443850003,0.6919698679757763,0.856568884129393,0.7187643838450491,0.5745352046351441,0.5971292343965301,0.5113343491119039,0.630139816623269,0.6727780154000635,0.650803476103497,0.8252181974176502,0.65669532178389,0.6255882631735631,0.7371105729653125,0.6439982549949643,0.6736880745161664,0.7722997526508305,0.5978957859153304,0.717254366465707,0.5272762318099133,0.7373531803270634,0.7138126063182245,0.8001340408035238,0.6251774604915133,0.5723384900857658,0.6331006744708432,0.5011160966008418,0.5527168704547442
0.0,0.9212728566597975,0.7064677107884162,0.8392296903353809,0.7200990872251474,0.6615877443703797,0.5244763639776568,0.6066261790344367,0.6497281389321513,0.5616232060567845,0.7634806733952063,0.7255128645321594,0.8615826172249728,0.6600080347621915,0.8022981461540081,0.6909937790767753,0.6520354419552726,0.5551251605841121,0.545150199849081,0.6009764493500434,0.5845733287640312,0.7328777722640681,0.9020692234368322,0.7451598207140123,0.662520901737842,0.6357908389444311,0.6362327744908081,0.8139582822682166,0.7593370886700634,0.6003198071467981,0.7398656731435141
0.0,0.6533110484361765,0.8383922663024651,0.7110234583933692,0.6921894016553274,0.8621415785845034,0.8653697198572021,0.8108160484232944,0.7952965275740641,0.7166368347111194,0.7114480630235955,0.765939380636046,0.708288967679806,0.6546916142747687,0.662899313276726,0.5606474964149375,0.769454424021115,0.6490201203967174,0.74063236485068,0.7309448441885402,0.9036845239403799,0.8771244791976975,0.9155172602278313,0.7423328674532981,0.6280710659906094,0.6328514877055572,0.8012865180822087,0.6530336788200981,0.6668617980958937,0.609238666894067,0.533195726375758
0.0,0.7587785787076068,0.88320182874978,0.5779918296268044,0.8515068481570369,0.6297577894414683,0.7931235765347113,0.853141918605028,0.6836406239690711,0.6825139946451644,0.7379245390109508,0.6671216254276182,0.7662157695387775,0.6090235888545386,0.6968522093909948,0.5242394196933644,0.6429043276108114,0.6573180406628021,0.7534095061613133,0.6514366544410995,0.7064839373629339,0.820521068298227,0.6403549334747326,0.8058907731009142,0.7436939867635194,0.8221730864698338,0.7610489584494092,0.7578467194445959,0.622263277405673,0.7557199058983243,0.8150512837503092
0.0,0.6696282152030893,0.5546145967749434,0.7786526870692583,0.5465064954712809,0.6191561086809095,0.6877878424818424,0.9024881111533314,0.6566166796581956,0.6683063766609725,0.8668958691020767,0.7411731098494716,0.7248419912684284,0.7907659067395368,0.6953702996778687,0.8219672804232941,0.6498759964018437,0.6927308753256379,0.7047842992064739,0.6015246321343388,0.6307164384749105,0.6802844319266643,0.6044230289339277,0.8141568195097997,0.6562060898723927,0.7038452181605401,0.7469594315522065,0.634638058236524,0.6669800749528444,0.7348243232645326,0.7549532702452765
0.0,0.5286149707761798,0.5165166531265024,0.7727869848893433,0.653490344477158,0.5140568745651366,0.5914997401203684,0.5058708153933259,0.6273310520883675,0.7216822731254536,0.6637153736211017,0.7224071535217669,0.6523501021822457,0.6803404448585917,0.7775642704807593,0.7199231349866988,0.6072025182581848,0.6643784214885875,0.6136665626352396,0.6590310405845684,0.682125465095581,0.8092119864808308,0.569566769665366,0.9868665216856918,0.7981105865225901,0.8041863126692524,0.6906572345061692,0.6961060478949902,0.689765698879665,0.4892959662620475,0.5898513708655047
0.22222,1.0463687156515973,0.7039501090111195,0.8238678312405626,0.8604949401703261,0.8327494757199569,0.5709764967046306,0.758650765711243,0.893059243172869,0.976808326165956,0.9186794067664201,0.8536701629988732,0.7586243821880476,0.7886093721874529,1.0049307108951315,0.9052393377169768,0.8330768268353727,0.7951628905427902,0.7683746253478357,0.6188480990604254,0.8071866688457157,0.6025881322504176,0.5620542129963497,0.9076977477358945,0.6424442549433446,0.7929969290557476,0.9976801725412776,0.6754074684245499,0.7786286665034554,0.9786140070511306,0.7607333597640662
0.22222,0.8213464516541626,1.0982773472391245,0.8765552429862817,0.7521921703026574,0.7365827996599216,0.7888551516809338,0.9842928548411485,1.0553522565476041,1.0452355832669216,0.7403870120858113,0.9084000664630272,0.8553990155342871,0.8346827655571152,0.8431159463386659,1.0944692968534115,1.0167035612229187,0.8886648580180188,1.174583224741702,0.861894953148125,0.9486706169916082,0.6851002929163017,0.8926685917627211,1.0104883027067397,1.0402819566559682,0.8880669869281568,0.8688189840700721,0.6040010653232816,0.8770441088189874,0.8874091778878224,0.7383357849187455
0.22222,1.2237271044194877,1.073870812642013,0.6244584053994631,0.6968398404606586,0.513172040241677,0.884205605253533,0.9442671487974149,0.8665302746169969,0.9512088466750931,1.059771295324305,0.9666777116377772,0.9390807830193422,0.6352785783863756,0.741182029533985,0.7692533448647112,0.8251301154677939,0.9114731045310028,0.7177280058545488,0.6802133237535016,1.2176959230796531,1.1451810358859356,1.0485642949849905,0.9777394729728147,1.0662741690473334,0.8624646704732762,0.8031233660610724,0.8686408345904657,0.759664515883106,0.6593004806565052,0.8456326617106291
0.22222,0.6082827961632351,0.5840200116983845,0.754080428223063,0.7870068545262325,0.7407054091417843,0.7292446664749193,0.689168262491524,0.7242036754559646,0.5309386241268689,0.7895871230196133,0.878640366845631,1.2341896698324015,0.9810995213346083,0.841864123554405,0.9589883454444992,0.8037375381655186,0.8086687381066615,0.7193698401990876,0.8633003316811674,0.9259379307241826,0.8189538153773597,0.7493652245464558,0.6756608805985388,0.9067696811110578,0.6728970448327503,0.7299661745739805,0.6375252374045585,0.8712897032794508,0.8110783342857665,0.7363961328171355
0.22222,0.783560610861981,0.6112448446326085,0.9962798236651587,0.9063817781255891,0.9753192100185802,0.8655670484993641,0.798667603828131,0.7878054589838814,0.9451974127543038,0.8376397284062364,0.5475451870025277,0.8328974730599032,0.8373390975291244,0.7858169520262248,0.9268929308683882,0.9972277139001138,0.7709682164330106,0.8893943766659937,0.7606033290628883,1.1110195725019796,0.8151623251694343,0.83413703432588,0.9709871141155071,0.7584234619398524,0.7685421409962223,0.8774956893898336,1.0594420111412395,0.656964731739639,0.8971029880739757,0.9968893605722053
0.22222,0.85189969577702,0.8872084102718731,1.0382411523823452,0.9229213798232353,0.8280616069810567,0.9554304374175856,0.8225480435416979,0.7997407977408546,0.8253513011730121,0.5910270272438195,0.7256191589395529,0.736915592426748,0.8630012074652152,0.9199021000220485,0.7692687645087889,0.6691195923836185,0.9011981377011554,0.6434340861975999,0.7246022332774056,0.8696296370798989,0.6825827514238139,0.9206997777262975,0.9168413831227248,0.7934676841704869,0.805722813900599,0.845500256932685,0.7575612127763516,0.87265130526943,0.8195101261007455,0.8715138599548695
0.22222,0.9423295861098295,1.00216245802711,0.9513199284431696,0.7495221468226653,1.0714636444899832,1.0185584253865494,0.7322382546127908,0.7280636979941192,0.8180776672557077,0.899113521074338,0.6611123706678742,1.1541802010302251,0.8621001420211077,0.6773959355911913,0.5408206014085527,0.8046250935159748,0.9846172494685086,0.9955462804691049,1.0075896832399456,1.0978646937623082,0.7663961288608266,0.7538041653005827,0.7980868227166256,0.6639798385926647,0.6617796509169334,0.7933132862174197,1.0310105426423497,0.8319091110554167,0.9846606050093899,0.7120367374952379
0.22222,0.7351443332591586,0.8681424037710973,0.6646174847924029,0.9070469429472902,0.7550009273450781,0.8952810571411505,0.7736138033439096,0.876385327769695,0.837149572912773,0.9622064620777883,0.7863786390299358,0.6704188260682511,0.6682281676857514,0.5784012415664243,0.7650860082998154,0.9274479261527371,0.8463777585150466,0.6421590858611322,0.6302781332042442,0.8644818393693591,0.6439747053135086,0.8492418639410593,1.0201921822888305,0.8711141723543704,0.8609181522955217,0.9236051821979204,0.8488055124529469,0.8633353093841677,0.8298344804296347,0.6520993971590702
0.22222,0.8156899338207692,0.6514669007457139,0.8081106964004987,0.7733090436761656,0.6395589489024515,0.8643911071513992,0.8554566289284101,1.1239928164091715,0.9646114391304738,0.7321253039185285,0.5735504315709045,0.8695418655733571,1.0209981272402755,0.9029708678094871,0.8730538711743286,0.9939168512839891,0.9497155182435117,0.6383574776117081,0.7880727852461626,0.7792832349525035,0.8683315927652371,0.8894853927908191,0.7177225848376072,0.8784046012794979,0.880105486567808,0.7696239822952397,0.8674674898897387,0.8125119789179382,0.7865857367639506,0.9256592141225579
0.22222,0.860566158766629,0.6575366358120214,0.6033762249583454,0.9194129193468815,0.9125287268343064,0.746427169016726,1.0667424770374356,0.8564356134806665,0.7337235027030602,1.0418483927229103,0.8462510076119465,0.8796228194548346,0.7868169358315512,0.8925613696803945,0.9229257955704362,0.9889459449975926,0.8765516997508557,0.8783696834603436,0.7045211523809525,0.7734539886932243,0.5153166491365337,0.7543866787230528,0.6710993252729223,0.7902324589752737,0.7396900566334681,0.8074963184006023,0.9127657778596505,0.8621229223965381,0.873231881175149,1.0215404353543907
0.22222,0.8934200418753974,0.9707429925937934,0.7439829331118095,0.6220876161148293,0.7941068863234844,0.7101273223966326,0.5501363245695801,0.6783925512670803,0.7531531529742966,0.9015327080858144,1.0831095411133866,0.8652714706266573,0.7872607394412766,0.8197832528660983,0.8113842731260619,0.7774130540683492,0.7712895596175139,0.8002891150010403,0.6884257628602386,0.8001188555297243,0.7149915458541795,1.1407019617671519,0.6290690986641568,1.1371196859687007,0.8135678519299613,0.9234212319954923,0.8756531598612003,0.9144583449274735,0.7569390268686016,0.6716096299989152
0.22222,0.9902480678749522,1.0291706223744033,0.7609827989282563,0.7938300440972902,1.0132315371259226,0.8309060179657889,0.9090824960474594,0.6998601931281534,0.8189646283292483,0.8482200176755519,0.8117471554686753,0.6867576274777069,0.7956504961384744,0.9050853756425901,0.9032000438801662,0.7823200337481195,0.8753602968549442,1.0665831792976943,0.8663947251323619,0.9139565390222852,1.1555179835586409,0.7877869770309353,0.7777165047513647,0.8503690162851237,0.72562205390684,1.079885227691272,0.8400566401406819,0.9958571788311041,0.705971716874764,1.030846730887341
0.22222,0.8626029874920605,1.188517679271886,1.326872574985185,0.9656672770375102,0.7755910802643718,1.1436366651457506,1.1296367950656052,0.7141431960638424,0.6486373396384533,0.8074810782581302,0.8147770063292588,0.6595129667926878,0.6738606719072475,0.7615774274852757,0.8005359646268082,0.7956928794396035,0.7745719800339506,0.686620066153873,1.0082699475452663,0.8007252836391665,0.9921714478071171,0.8548209179009572,0.8240467277220701,0.7623453393220047,0.9035759404259849,0.6216511664135083,1.093194739294346,0.8688720467846953,0.7785644183755276,0.8536207413351569
0.22222,0.7852346705974913,0.7369949257768745,0.6727521982731335,0.7122199335082242,0.8681632713353936,0.9527625648167033,1.0723819750037782,0.7371617394529941,0.8096936049515242,0.7841103619476999,0.9348189622597369,0.7823174358642297,0.9010635670713433,0.8654353356952273,0.8830631529996482,0.8756654522833324,0.6390963785256781,0.5958984115819161,0.8038137686719833,0.924709787777512,0.7524756827302125,0.7354657100455352,0.7669848455667149,0.6430626713943616,0.8549691363866845,0.8296774298111788,0.9392403926894082,0.7634453241219944,0.8090718229803805,0.6601984931358548
0.22222,0.7018827300202526,0.9334200231784504,0.8072334222801277,0.7352821611523807,1.0117816876697272,0.5757386628028668,0.8100093772563934,0.8028080686038743,0.8928560300764921,0.8258019447283252,0.8360112510376947,0.6821311126650501,0.6260988766806812,0.8682873113168551,0.7546577488460214,1.030315212498483,1.0264955913276825,0.6210489792540566,0.6446519940855412,0.8572078327087937,0.7880363909163074,0.802949145659398,0.9083323375565222,0.7710936293110902,0.7191544707171257,0.903794160758426,0.6939725852536257,0.7664081756586986,1.0946708848618916,0.9151999198215806
0.22222,0.8178648102778496,0.8173824520513445,0.605508125881548,0.826550888515585,0.8451767925953754,1.2504361838267528,0.7869074088247777,0.9984670082027202,0.8721696009150154,0.799002218908005,0.7874515034951215,1.008691190607748,0.904183058944084,0.9803665528764925,0.8357168940773023,0.772208590527422,0.9373015285197508,0.8323525158593944,0.9658810739855576,0.9261696221395709,0.872194861188355,0.836147946098833,0.7908771636471434,0.6773259771557714,0.9981899792375797,1.1700017083141825,0.9232052984520419,0.8589405789355236,0.8114718055863044,0.9046406605150038
0.22222,0.7188221646691276,0.9122436886221804,0.8800298440026881,0.7535814898065559,0.854009658651752,0.5520545318121423,0.6864008478233146,0.8894637432942386,0.849914449833782,0.8993185258151852,0.8606742414547015,0.6164140954299503,0.8098695388225366,0.7512944893941954,0.6960038685003119,0.675617701233828,0.6957698821013723,0.6478938913333928,1.0747593158084905,0.6917987892735642,0.7715509549979777,0.9769164183111443,0.7907561979759145,0.9104092362536316,0.8550396401181802,0.6853311483452601,0.7510678775425613,0.8978859021176561,0.6739396227005272,0.7193390521621131
0.22222,0.5697402528139132,0.9266280562018402,0.9339195159988505,0.7426844869639766,0.8316214529793452,0.717609433224953,0.8581642863227783,0.7428667528709243,0.8062516821784347,0.9341356780587036,1.0912134424119813,1.0848185281025002,0.8550168369004348,0.9055001130388893,0.8248535270297875,0.9566779524202347,1.0948995138360795,0.6884328093079121,0.8784548548670038,0.8978302341245183,0.9784841255952235,0.8522113785673824,0.8116575246087198,0.8902884063353512,0.7565939362552958,0.8160157816776042,0.7501425017200588,0.9309928603280659,0.9658567677351102,0.9491087618183343
0.22222,0.8375595132026905,0.6983134392504888,0.7320161450242791,0.8606781674860597,0.7279060675505722,0.7120487912323489,0.9803895400564008,0.7296309330715977,0.8778167449347348,0.8993768328379556,0.9197335378705299,0.6359330670867904,0.7887628015219633,0.850331191085324,0.7815377345943573,0.8012975889574763,0.9279400381420042,0.5690556577183865,0.7564434922989239,0.8534394841127911,0.7345509142479723,0.7727540291656161,0.7502467030831904,0.6032162552909647,0.929616488357277,1.0622334721938582,0.7058066482296974,0.8091844041979538,0.8260814452129891,0.8707373696216825
0.22222,0.830630934435301,0.7893507164856886,0.7565104380307862,0.8072634841296787,1.3582551186256921,0.7995325007896386,0.9238834740039698,0.7767397412351006,0.7176385420385303,0.7209056481564755,0.7835945366425342,0.8909873814266224,0.9123142468443953,0.7779097167712753,0.8135363809192683,0.8282234395745728,0.8133630551518038,0.9290132820459861,0.7905063443965308,0.9037783608210913,0.7616732640142021,0.771507885392876,0.9783876676323733,0.7244996200734011,0.7314946496336843,0.6096105205592013,0.6232837085173497,0.98921608025934,0.865051556763523,0.9115342088467722
0.22222,0.7282264895058225,0.7394474121600549,0.8551143643392091,0.8275061811845364,0.8913333684559608,0.9610411500576801,0.8982730796738748,0.8663885630389523,0.8174953940203763,0.873219707845244,0.8186087366849167,0.8839267676833564,0.8680933891215117,0.8674331931263913,0.9799510938466615,0.7280574534794174,0.7537112165103989,0.60970508462167,0.7013624405843482,0.6153229898599629,0.7003909384873694,0.752592575022655,0.9720604320969779,1.0390559357558786,0.7703883363938432,0.9774168796044771,0.9963513109026157,0.8515752543914397,0.7725063238401992,1.1773875833001597
0.22222,0.9631894939306613,0.8468189266420285,0.7941796455854045,0.761907942619584,0.8499468174935584,0.7780843871157717,0.885658430603249,0.9464707378874221,1.0084943050555648,0.8699719679804642,0.9177224348548766,1.012211056733327,0.7923120886663746,0.9237355606387584,0.6861653264844437,0.7386746217529981,0.8101883652553551,0.9428917357496411,0.8464773766327417,0.8515221088785391,0.5581622095267527,0.6340326346029884,0.7217565550145756,0.5930828977767938,0.8786919757451539,0.9303137818709472,0.7007274695310302,0.9860871720190141,1.039123773172254,0.844564885058427
0.22222,0.945939896763598,0.8478187971907226,0.9028324988250043,0.7818226249300861,0.9447558626111855,0.8970840438451062,0.799541617672355,0.6737694226934035,0.852302144290032,1.1767746703391002,0.9951516021919108,1.0087470845519735,0.8260445472803669,0.8296961980877359,0.7301005586455483,0.8716508959893247,0.7097676276187496,0.6203961490167473,0.8214857999339774,0.6719365585364806,0.8048154746862541,0.8148722933175155,0.9659600328932193,0.9051331808847228,1.0003749269179028,0.8455893782602655,0.8423748025372081,0.8944080426889903,0.7587382488933655,0.6937456016044096
0.22222,0.6783651600228068,0.6430693576566469,0.7356810894112754,0.7237728194394294,0.6960834914795226,0.92655088145765,1.0825774801002201,0.9731191551316904,0.7310349957389626,0.8512521129654741,0.8285660953776206,0.8274968007755522,0.9973260267433616,1.2459284996984976,0.6080875139076203,0.7118649555225486,0.8019808070150191,0.8875791726227475,0.9365695767572674,0.9577116842470251,0.8555024281391344,0.8409147604125535,0.8964273127551244,0.7424652051587635,1.11823711055118,0.8281141859689766,0.8345984288643664,0.693516891751612,0.7324270256749857,0.7960337720324107
0.22222,0.8272514984923152,0.8901523432541593,0.9682861778981089,0.754546431480583,0.8050520497597102,0.6891021174185177,0.8344449255239823,0.7891718618203217,0.9051759815856635,0.8040638426510331,0.8824486640441894,0.9890190595873743,0.7642789932041248,0.8433363494838904,0.7541222098637809,0.73464509326527,0.7524969312888165,0.8239158543168038,0.8039567766291664,0.8863575157500265,0.7412584614582546,0.9443968299820836,0.743436986395348,0.7847101548357218,0.851380660507359,0.555495291195784,0.6076195869252372,0.6319706026644344,0.867168489724799,0.795901661702838
0.22222,0.7128075679656465,0.5579942590312289,0.8518934350611987,0.9996715669072388,0.6167115905996416,0.6226984998302673,0.9298059409700622,0.8889236390171249,0.7289139809998371,0.7653014908285007,0.7359952453681533,0.899390298254423,0.6588158287175265,0.9579264122456916,0.743576757883475,0.8081553512457375,0.769053568466546,0.9097163862063549,0.830704249784084,0.7213506172402046,0.8238025143283274,0.8564396138642454,0.7434900745467432,0.6134230566737052,0.6947594681602178,0.976281277395459,0.8588198370020804,0.9632818516115844,0.6825211197992378,0.8379886937475726
0.22222,0.8774496154593172,0.9064476835423164,0.7437461839636278,1.0100521639776303,0.8890979348765325,0.8107009741645971,0.9003054452847603,0.9099459329394242,1.0523928541589644,0.7582909303957872,0.7255959727698532,0.8113531941101724,0.6120632428183377,0.9538087901875072,0.7641813613219424,0.7784543284020012,0.9530065851456907,0.7354271993485234,0.7513825190358139,0.8688577085999509,1.165283604011932,0.6248594883944979,0.8910212330030487,0.7795205710967812,0.660916548030245,0.6816842839389177,0.6047263920183926,1.0779678998849707,0.7952979772807478,0.7503403926761982
0.22222,0.7176895054017822,0.7935956687529138,0.7058628497077657,0.6570773894010395,0.8098181061497872,0.6947639931704563,0.7194119329515516,0.7565320603960175,0.8588005128599586,0.8938985333143681,0.8657326514244332,0.9081852620434466,0.8203634250034767,0.6337354284524609,0.9463157264222728,0.7626921896017284,0.8513520901849303,0.7585880122282324,0.9725842705971656,1.1868009869702036,0.817939850191332,0.808375085717148,1.2022836914269461,0.860940485345795,0.7630715288864354,0.8696065010361171,0.7636461739706011,0.7800890384586316,0.7917616212880682,0.8683890119524552
0.33333,0.8449189531070468,0.7317578211910035,0.9445053537914624,0.6766746752160157,0.9858172215888169,1.0786019695043478,0.86656114028195,0.9837035687422899,1.052718970301912,1.1613569522065712,0.8803080595766842,0.8180773716968328,0.8779077512208573,0.9646863177623052,0.7557736890134547,0.8164940206654744,1.0330400187461029,0.8337252783988505,0.966057709181222,0.935917940088708,1.0262490827383195,0.7642837037756943,0.7189819918112003,0.851787775986458,1.0295052846077706,0.9221959693982636,0.7718279263876316,1.1250326917983402,1.0194612577286428,0.7518146502712462
0.33333,1.0469070502706181,0.9775447388458606,0.9033888258919868,1.0885346062866128,1.1449477607569805,0.9223684270541809,0.9104402097452878,0.78188124473685,0.8351969496511785,0.9435928674526024,0.7465581405965648,0.8605535971841227,1.1212953703365651,0.8196982183061207,0.8322302285121613,0.7299030927485509,0.9492360060641545,0.721921367916737,0.9554306570290328,0.6456219106409752,1.0841168140251205,1.2771349862163306,0.860566214010568,0.8159134594638944,0.6901678541586254,0.849309222681743,0.6232431844496846,0.8929180900382832,0.9060085100639883,1.0151971113999991
0.33333,1.0228801304346797,0.8258924975442574,1.042327470159256,1.1929057332425228,0.850443336666366,0.9392613714958324,0.9555413754127853,0.7206542824866837,0.9267304387506465,1.1205935140743382,1.1453111396715552,0.901996818446455,0.636235364427011,0.6150777937661687,0.774124107566544,0.9674996977908136,0.8114497523110289,0.8356559073561541,0.9156908419876122,0.9630276230477127,1.0396126674905646,0.8507418922631119,0.9095011130515321,1.0737994939912403,1.0727296773688746,0.9080138826268771,0.8583300329214989,0.7913080350805481,0.9964035989158093,0.8472998555285132
0.33333,0.9887796091521149,0.9021641824371838,1.1020240151312433,0.7909398413747024,0.9088061645450679,0.7457248546494979,0.7289979452882076,0.7871207748059026,1.1457037137079296,0.9937517383259842,1.0525718456560051,0.7373805330580993,1.0166065144027627,0.8941711666470745,0.9003527184841191,0.8735347269914582,0.7708626160418095,0.9538201563504342,0.7047035499113674,0.828972011467291,0.9492509180910866,0.9201451702254921,0.9843191926070071,0.7603586910532443,0.8147850469429991,1.131222314919007,0.8481259122566943,1.277125506773728,0.8112990764852449,0.7739958746682841
0.33333,0.7469347573453068,1.0175629793708045,0.8440950810854524,1.144097135975342,1.2036353147328975,0.8783661059191943,1.0378838603411482,1.0003316949516479,1.1317536169839935,0.9212912521323008,0.8554657008669656,1.074018463078303,0.9411254773066702,1.1464214218673838,1.0341609389040234,0.849388789586375,1.0306345423727628,1.3711495012938921,0.986238622801525,1.039244886665868,0.7725909969361127,0.8730496154424281,0.7376140040494688,0.8408373146768069,1.129994281837802,0.9779752811077376,0.7939580712705411,0.8696184380498955,0.8534777207235938,0.6192248688504731
0.33333,1.0461942024492117,1.0972774501414309,1.045473372787282,0.9245893707450707,0.8812564364793044,0.7519565953497849,0.8532723740311077,0.951885814005935,0.7527931371823076,0.941699448599972,0.9184984350253054,1.113867640684748,0.9756380116675278,0.8040702760919402,0.8217070713699204,1.054608911230359,0.9574134310696032,1.227045141644352,0.8830348306327631,0.8657914702796893,0.7931354189711729,1.2655286105250998,1.1289994552836171,0.9027771128416938,1.0502788231527167,1.0502392773943212,0.7562771082434441,0.7614698356752805,0.6660281137933453,0.8453073002818947
0.33333,0.975046617399074,0.894396377655544,0.7946216169790011,0.760794518777979,0.8126607595584769,0.7288907211237298,0.9365730961936803,0.8940395733301578,1.1457020785802212,0.6902063138282967,0.8526556011670277,0.9659650570190391,0.7946548402719944,0.9211084710824773,1.1728499552134866,0.975351438751529,0.9550286684014061,0.8783632076443072,0.9066342658558139,0.8177914604618483,1.1308619224560559,0.7920296116813563,0.593039389266748,0.8068820632391506,0.809218389700383,1.0480279177943985,0.7600756725988346,0.8556336519403944,1.0395876638546766,0.8537804633582092
0.33333,0.7720033627605799,0.8142170535709944,0.8499778717198495,0.8025129670284566,0.9638233822508501,0.6634693873202215,0.9973337550068542,0.7963313876730488,1.0356944516315045,0.9353205061574408,0.8914260517231622,0.9401944581480353,0.7081209783417572,0.9416061989753305,0.8817947966871524,1.0838385378382,1.2528756840351836,1.2120837069082724,1.197064374075354,0.9270957580620335,0.8696128881640725,0.9691163898743578,0.8589105676117331,0.9083243242179337,0.93275786704649,0.9713535882428813,0.8106841925743329,0.8689087010139083,0.987949581491447,0.8093287695993233
0.33333,0.948922497159321,0.731103208417364,0.7581739538484057,0.8226657262415723,1.1995646136404527,0.8617037941661122,0.9661170679543075,0.9508791881869569,0.6978176436621286,0.775772549824975,1.018321487153224,0.9655855832666244,1.1649684347983484,1.031993333406424,1.1236242779871375,0.9840354606320029,0.6803805004513102,0.860209185815037,0.8988258771364809,0.9697774974209955,1.0322593419052752,0.979767755744015,0.9429759615838914,0.9492369586345754,0.9076598940084267,0.9496820387667194,0.757173295068466,0.932454621353084,0.7731397769628199,0.9398557134987482
0.33333,0.964565845988625,1.0667780935992328,1.126625989317921,0.87565847326693,1.028842113832406,0.9378756019879966,0.9696988445472904,0.9481176022496727,1.2051238170616176,0.7886850855385482,0.8414774021992597,0.9367181186799637,0.9921421910247177,1.0562794680019651,0.9556002492187988,0.9311199125110731,0.9317995907325679,0.9449173035723399,0.862690279812937,0.9179967445823974,0.8279349729639018,0.8940948211933079,0.7706792643438607,0.8936579881680953,1.0476743152781889,0.903056367301364,0.9014227184177301,0.8245926849996211,0.7789263604897638,0.9654193308026752
0.33333,0.9824189584258417,0.8315637616254461,0.6531519973402283,0.7026275481150787,1.0499651590585082,0.8463525481384732,0.7731622153691984,1.0008251245917545,0.8925619846277029,0.9590051349648981,0.7161737159333545,0.6978116780212151,0.9591420719328525,1.1951826714491178,0.9574943941256038,0.9264250243413126,0.8724324812006693,1.0680771480110933,0.8883048580038025,0.9605412920467511,0.8260589447916391,0.9181665110965751,1.1487682742799503,0.7719470872129193,0.7328696512951662,0.8140710033854235,1.0991301634563266,0.9444484758196743,0.9942640220324831,1.047142863870004
0.33333,0.8279845101993533,0.9316129595402995,1.1558312840916138,0.7221277518611566,0.8393958477572699,0.9720172634828156,0.6974898196251567,0.9852970437854055,1.1864756709143147,0.7914721133047153,0.945902642223527,1.0825492966433894,0.8741593895396729,0.8996504175912557,1.0073122370700285,0.939366014428832,1.030792900345724,0.9432882242575562,0.8299410853706763,0.8287745730186066,0.8937932486167945,0.7079185503357323,0.8423438919829549,0.876390321724373,0.8297517336887273,0.9282740926135318,0.9482239315937462,0.9251546745008687,0.8454408132957496,1.0524135799804186
0.33333,0.921517603500452,0.8897616210490844,0.9555944115547719,0.9888998161990376,0.9020691834478123,0.8635911890425357,0.7585535870028757,0.786573976910822,0.7030688321496117,1.018355473203115,0.9425815553841139,0.7993416131994516,1.0349878016780703,1.002993408029244,1.0581008842946293,1.0122924436015601,0.8345752928878184,1.163755494662916,0.9922070305417955,0.9279983421789469,0.8916375070351863,0.9533619715127649,1.0539292315057955,0.9786803013049722,0.98401065349977,0.830594080262732,1.0969980012062257,0.9594450519534502,0.9117076959574595,0.7710810626927224
0.33333,0.7521029204650019,0.9150950667464772,0.750449940455755,0.9238037681598708,0.7880500381335437,0.9728595037233163,1.0957978423078334,1.035498373159449,0.8468252212387686,0.8174095583046487,0.7084350977882807,0.727764681562371,0.9121877424456137,0.77114938770148,1.2987538243401744,0.8754111304725499,0.9291324104324017,0.7319394613436119,1.0116093704200797,1.1242282269226374,1.0237092262440621,0.9409470689716742,1.105153951815886,1.1437529004641067,0.6154294319714921,0.6104034557614716,0.734207191211562,0.8630566090937846,1.0958651546941736,0.9968414154979318
0.33333,1.0814495801685184,1.0724614190261579,0.862155890370873,1.0060580726482586,0.8739051487147439,0.9644064369334134,0.6634311163856557,0.7151408899677306,0.8545866242871705,0.8542002989052557,1.0204949390187197,1.0005109202965923,0.8751172961876678,0.7349785348503216,1.0377693381466446,0.6907367168777484,0.9793403953489065,0.9021438737036275,0.87836980270041,1.0972719040797387,1.0237036370239385,1.0644693559218978,0.933753317615526,0.7148743259170693,0.8985313756499302,1.0019666618656033,0.9996489064047784,0.7111228073209456,1.1057903762333332,1.0769394991281394
0.33333,0.9811202662135218,0.9759615097499943,1.1004212925610517,1.204929995142379,0.8971997341536068,0.8810928417709023,0.884339021271659,1.172276747404286,0.8884048165258933,0.9171656714666295,1.0168049286043703,0.7191197385851785,0.8622615221088474,0.7709111963164519,0.7412658326113506,0.7962292215947757,0.8347965302195952,0.9496686592839241,0.8968863965632998,0.9713675704582723,0.9896210399629104,0.7715071869673197,1.0148011620455135,0.9244484236394884,0.958220364768072,0.8078297696642116,0.6977862374805632,0.7323406723826431,0.7904744442928872,0.90704049067799
0.33333,0.8729325189311962,0.7489349935089403,0.9037812939774976,1.1108311676606406,0.8041917043836965,0.7854195771031057,0.9407033927004335,0.778782934716008,0.9417424035725613,0.7791448348753642,0.5909080689392284,0.7795315153320608,1.3209335949089809,1.051270320921659,1.4631176661678518,1.002229161034952,1.1327512193568556,0.9386375231831842,0.7482450307283461,0.9010408374064108,1.0702922557952952,1.0732547855559498,0.9152615576328496,0.684747006211077,0.8780838050278724,1.1372207061388435,1.1267586093188176,0.7280235703939695,0.805004497732332,1.0659988555214626
0.33333,0.8696084492406543,1.1851460739378605,1.0558976803537332,1.0783155979856065,0.9268978959319771,1.085035577918981,1.0184956083198367,0.9185421496071058,1.238183960402365,0.8256596542991581,0.5952442271713513,0.8086545823610353,0.6627705544784079,0.7393757316017853,0.7928199194056761,1.1304814224302395,0.9976613462304895,0.9557250986381816,0.9198610162701424,0.9918009054385342,1.1179851647820191,0.6667510155094927,0.8352590027593495,1.0339210793603169,1.0593347082179017,0.9129396860101214,1.0635055458245037,1.3066868007675325,1.1877433089168008,0.9239598843548332
0.33333,1.2341241942455488,1.0375982501268686,1.1212587748250502,1.1038401443668966,0.9217706712201464,1.053773728043569,0.9322267624407903,0.63577203993001,0.9726921386046279,0.7650852751282684,0.9792114232216925,0.9112422836910298,1.1610305003535057,0.9203907303847179,0.8825684663523272,0.8305811110976177,0.9897441667635294,1.0131380559683827,0.7414971022784839,0.7894105422055019,0.7506105648747946,0.9077625426642054,0.9594623540490861,1.1985638634267377,0.7709152663822589,0.9198418193394351,0.8090474667323952,0.8369470211443539,0.8714689763712791,0.839768714022126
0.33333,0.9633940820888622,0.8554910541223419,0.9338482281558976,0.9770424033380117,0.783301976764933,0.6828592767889186,0.7283142492475342,0.7486366564257765,0.875836390354464,1.066499195234114,1.0405924858323428,0.975540345056239,1.0058994714279346,0.9142042369838533,0.9436426827743093,0.9328205240144543,0.7374162825555451,0.7299176060709482,0.747063034637678,0.7701680929010843,0.8565056443480535,0.9542392643440865,0.7958554887134792,0.8793275927939731,0.9298422540347692,0.9510926788512142,0.8735878570569942,1.0271946904551268,0.7194408669818173,0.78692926173648
0.33333,0.863598089082678,0.8130810804675385,1.138095319576038,0.6829046684580199,0.6487420301254729,0.8766715453169364,0.8337802088836126,0.9096673398668506,0.8060827452368186,0.868936916420697,0.9105814307374109,0.836451490683205,1.0631772158400932,0.8359687551701368,0.7343012511296828,0.6602142987876432,1.0552801936613745,0.9446648837453291,0.8103342117286582,0.9970795496027893,0.7805811027171692,0.8045364891006311,1.1562082913273977,0.8802575439058742,0.9734766189939799,1.0495760117082613,0.968757373291585,0.7647377851409615,0.8800355891788578,0.8103545267704629
0.33333,0.7907459690533645,0.6320534556688513,0.9901094550928348,0.8951949115737032,0.8697265587886818,1.0274245945619827,0.918659447557564,0.9317941753802678,1.1665216575552093,0.9509333046998789,1.171981693934274,1.0045941349016876,0.7468767059479887,0.8038426211920439,1.0483785940264272,0.900793607302029,0.9174958995478956,0.845411284304638,0.7852622640610408,0.9583719309426156,0.826701945548026,0.8537113322630072,0.820829034098413,1.1002263637771625,0.8315833187530753,0.7919050942547431,0.7257481279678546,1.1014646091541471,0.8768851387129445,0.8468526331478615
0.33333,1.0717539372044929,0.978050476368157,1.3774260583300186,0.7384901653380643,0.6546389038586249,0.8573466391710383,0.9995926246344388,0.7458503573100959,0.7801368708590336,0.9636657211378431,0.7281320216333071,0.652716265693941,0.8665965021930928,0.9870839450195392,0.8630482585262672,1.1627994181087027,0.9115195904039071,0.8180549526691043,0.6827538691145071,0.8840368035907251,0.9527053051895994,1.305972229045317,0.9311026447489101,0.738960181146042,0.8540889941878633,0.7454612452359266,0.8896007637179626,0.9857838825846394,1.1477454266880105,0.946901935589257
0.33333,0.8037504759977335,0.7794990440796766,0.7889917898267792,1.004108878462323,0.7427685132603244,0.9528905422664266,0.6879227172535479,0.789890496518506,0.6976346366776643,0.8387646285875865,0.9098469307917751,0.913237041555902,0.6496266837802491,0.7909576739890188,0.8379763554623716,0.8771079345739783,0.8677917247858379,0.8187960761629604,0.9467065180219792,0.8718895950717941,0.7251360960799544,0.8163219414166615,0.7577837885050032,0.8330482445949701,1.0304054574178572,0.8901119753421707,0.7753307653088953,0.9442548300602556,0.938738006774163,1.2013003365102628
0.33333,0.6756493041641916,1.0937459638330087,0.7392067340256987,0.977714388485181,0.6547336080409729,0.9790592680053227,1.0142080844256947,0.8247389644919997,0.8507972550582542,0.8061888365301014,0.8826971689769982,1.074618098721326,0.992075020055751,0.8201616550882224,0.6269563315167634,0.9392750829372546,1.1447340335246206,1.1728636784976454,0.9131031498650333,0.7686382290677094,0.7895100181669005,0.7500964164942933,0.943095368314873,0.972057392014348,0.9910009642833375,1.0381703058856635,1.0902347005405222,0.9911800465634851,1.238809693757727,1.0291703034029056
0.33333,0.8801619142862687,0.7171528060101278,1.1670477823914243,0.7839410214693395,0.86295600983795,0.9112566376797344,0.9698434451847656,0.9802031860693079,1.1265479102293396,0.8593492030900901,0.9061916926764532,0.814127020884546,0.7173526552161025,0.9656242543909794,1.0100117872068701,1.0293801346048337,0.8351130001324775,0.8813927573881155,0.869312700780017,0.9124667109164758,0.8441724141912748,1.0847203956446756,0.8813186015537329,0.8484041219601526,0.6700505502393516,1.073239850572808,0.8524497997364512,0.9385289459563307,0.8256394837148501,1.163858728073743
0.33333,0.7557553980909626,0.6850006593870654,0.8830110387074225,1.0711628919990415,0.75201384153923,0.7739221758495893,0.9400980724844891,0.7603801297405132,0.8524810537835467,0.8069839326642099,0.6860740897094011,0.7067849778635219,0.832814550826613,1.0686646412964373,1.1260446708415606,0.9785068236008638,0.7600089872055134,0.8499261770380553,0.7020109186467085,1.1610017710964202,0.9811520921583221,1.2126092161868651,1.449919468146193,1.0739334852077926,0.8450502220838986,0.683587048260542,0.8060187343157136,1.0793697037602321,0.9767820153093378,0.7711281452088502
0.33333,0.9323983022529386,0.8585404154676188,0.7107270485356044,0.6584048890800486,0.7721949458129995,0.8784857800490306,0.6215981816685673,0.8835457080890109,1.0851844341278443,0.7425820927039019,0.8649228097896543,0.8976031559122309,0.8875109224101012,0.9559421246434944,0.8995363070790707,0.9149686987282521,1.0929118365749855,0.8695288857856904,0.8340498836815822,0.6489112174096977,0.7568134928549767,0.8893980189666745,0.8626883581920531,0.875114689143931,0.7563893243058475,0.659378948014837,0.8395253655715645,0.9392947270665192,0.9201675800508546,0.9334013422496206
0.55555,1.2129348645322404,0.9821672395150302,0.9895801907413037,1.1890912617036107,1.171940665498035,1.0623796450924359,0.9648901424358242,1.020987350124899,0.9626725165101659,1.12257549712711,1.0578698443565728,1.2106884214294922,1.010513842158331,1.0819833107131662,1.191080380746593,1.366386093012231,1.401210459871145,1.3160886354838284,0.8886394045222046,0.9695654564861161,1.18299729479688,1.0033611298533351,1.0488987297014447,1.0462354717544564,1.2109257670958316,0.9485485604018954,1.1697452420075973,1.0152276782866647,1.3308176590384477,1.4342856143919345
0.55555,0.9789904224531427,0.9998612183339446,1.1190308563018276,1.0399261795676407,1.3729857759505801,1.4230244430706642,1.1794461562173766,1.4254226179437188,1.2119539656759224,1.3284353863437959,0.9190698954366132,0.7830016714920613,1.0353287491272467,0.9609886654348306,0.8957344686105418,1.119629912048394,1.0384627090073093,0.8192582705013793,1.1308566479670934,0.9256735828304851,1.023552145301431,1.0919027311216674,1.2869621731389758,1.2349512508040918,1.0612585767988716,1.5042249214558094,1.1136829017480414,1.21885471935568,1.532891112966507,1.3080675013472765
0.55555,0.9988780141337742,0.9510216074357334,1.0508319103733357,1.1290622169008695,1.1983555225845768,1.3927989861182564,0.9944029255327328,1.006809757322162,1.0281444536586288,1.104685577567541,0.9527721649078441,1.080525658639934,1.6384821354878796,0.9851516128693775,1.1264681601339679,1.108236539709678,1.3151952567652727,1.031422970982821,0.958649981477655,0.9617068488408765,1.252554448738959,1.4197626720676109,1.1760767653126387,1.0879593738303648,1.202903362990622,1.2071035185118526,1.0316607378946878,0.8683631803147277,1.3046996741359858,1.475996146596241
0.55555,0.7946246444514172,1.0848108164085934,1.3483513382367118,1.5521787052633296,1.096681060969403,0.8577161659439553,1.1510028963606604,0.9850089109672668,1.019176749033596,1.066537673780663,0.9114877963785004,0.867443870526984,1.0825501698324735,0.8641968104433473,1.1868445668879612,1.0645910261905134,1.1787389237058117,1.1007263917780703,1.1509307673613003,1.0694477094937274,1.8143233506621759,1.2346961277127657,1.444000412503031,1.1285146046374388,0.9946650760613102,1.2778406393546076,1.1736972606574827,1.2228195881704085,1.2202808945935073,1.080473560799823
0.55555,1.05964616696429,1.1715812462698776,0.9188295267727343,0.9650581286231283,0.9190705021963088,0.8761553836550321,1.1618671637979534,1.0827458729180701,0.8923265491347229,0.9424782030279508,1.0582094385947631,1.1267736182439947,0.6568690295563447,0.9099518964980094,0.9534010102583484,0.9533554825397923,1.1411366539909689,1.129857768133779,1.0089203625688192,1.076176225714443,1.4766430805570236,1.2483905466495915,1.1286084348418994,1.1267777430642312,1.1513247092633616,1.1688059886004802,1.1790401675597364,1.0990310917820594,0.9342298816387895,1.1392405903745129
0.55555,1.0620915588526139,1.1253390447187255,0.9986001128484657,1.354698646440611,1.045970914611173,1.3850449421450228,1.3165361653462724,1.0919679082646376,1.0076103864094916,0.9172546891397108,1.0742270389754547,1.1007655327215857,0.9395705072605243,0.9330929045099892,0.9615292862736142,0.9344685114445141,0.8925755185671082,1.0324551679099958,1.102572480151478,0.9662210956408673,1.28528379601836,0.9872204658826487,0.9113921262551933,1.1726678889651687,0.9096479657250248,1.1199667695862678,1.1731906282135347,1.131019478418305,0.8627386169204144,0.8131435472420103
0.55555,1.1611136129623818,0.90753386237001,1.1180759431982696,1.239732520554963,1.0249279015926849,1.0855964895293075,0.888718444752001,1.0226748785244535,0.9002375655886351,0.9043233537523528,0.9321804984024197,0.9025357818769973,1.0926221777335055,0.8905009539398132,0.8112356288094656,1.1899314801600007,0.9311121717966309,1.275742146836359,0.8954444951991307,1.099884174814279,1.1225984410894485,1.1440712702140046,1.1159951476037877,1.3006225094151338,1.1788427616562378,0.8707102559168205,0.9447900733633683,1.1352432731657156,1.038741010132706,0.970402743096227
0.55555,1.0919904680227066,1.0466956488041,0.9350336087725064,1.4805524263488028,1.6553185513882078,1.2813154538572387,0.9750346279550103,1.1573921748981677,1.0493016383934455,0.8482860354791082,1.11025883515926,1.2453002831415827,1.2973227890084138,1.2517869830307085,1.2503549715497806,1.0543795106951113,1.1664746145078615,1.1017379642629985,1.4564285803529575,1.3151012769708894,1.1495663782523173,1.2424614790075095,1.2270105510473093,1.8034428691296192,1.3146743825618707,1.2215342882452507,1.260528156190434,1.084613790737105,0.8802956220145158,1.1681945620201781
0.55555,1.1477587546024737,1.119757841993084,0.9854363602447783,1.3309571634266386,1.0593379262678588,0.9914043861390491,0.9277496580341446,0.9139835860641216,1.201553949007359,0.9042464920521536,0.9733300269095551,1.347487712653167,1.1385752420120054,0.919998224214064,1.1307365398786375,1.0125717115070298,0.7121144068661056,1.07454871360616,1.0810554144742965,1.272863428425787,1.241800269626111,1.039261085361461,0.9309486809806823,1.016149367981232,0.8828828313105106,0.9647896430312008,1.0437296469753317,1.0627689709194916,0.9934978049499334,1.3797519822420459
0.55555,1.135168393687656,1.4871305438653186,1.1949081374440251,1.1447073312367653,0.9345194054598627,1.2500752830557995,1.1849502630444064,1.2791280078812222,0.9045472774214709,0.9398164222868384,1.0693889443391391,0.8925829163106311,1.0300174471691352,1.039388918342067,1.269085433067961,1.0013446080550479,1.1436677066093919,1.0872731077543554,1.269215442364807,1.1998122033237468,1.2397824548484881,1.4528876035870777,1.2625992541623021,0.961515476094532,1.0970613802950184,0.9499888794442891,1.0163399533593334,0.8947063606891571,0.8638316505427555,0.9015513449067613
0.55555,1.3077661853780738,1.1954040154454977,1.0055179806496553,1.1984931714397145,1.295144530357064,1.2230538934146822,1.2084252732650804,1.23802433309273,1.1391825454247047,0.8853252975122563,0.9239878525637601,0.8968457100315413,1.100450723304885,1.2862509770719068,0.9610790344915124,0.7869995218799393,1.0857960904338797,1.2199641452961705,0.8751663870344312,0.9346924423896159,1.3396664541255316,1.1164050895471347,1.0394102997677324,1.087358016288557,0.8948415736805415,1.0156214540823971,1.1349960484859467,1.096486528883035,0.9541800224464014,1.1726902357530649
0.55555,0.8925259654750041,0.9000991791339236,1.5838291293981264,0.9701675608905408,0.758689721853781,1.5272638966304128,1.0805335354661196,0.8616605065859337,1.0162634909875075,0.8444593061815465,1.003220833934924,0.8489567554551007,1.0237385210625818,1.2064661702900368,1.109961172340856,1.1140974290044754,0.7613361532160496,0.8706891524933635,1.1418333702485972,0.7466764827808978,1.0914219329662558,0.9957920569108705,1.1094372319137396,0.947156443037821,1.039456314440045,1.035422998009852,1.2379054791835589,0.9537465718920486,0.9971838131295844,0.9174060101048157
0.55555,0.8768790640755968,1.0693745746497447,1.1986500490171201,1.0085020084222045,1.2735250537709095,1.119038605792722,1.226773737073453,1.1064436158113928,1.2478943396956295,1.1262470228826695,1.2167491238743207,1.019743263551242,1.1559683127460396,1.0358767634145636,1.1290412326085628,1.078448085151226,1.102525704676446,1.2854006076925442,1.1272971222205277,0.7422633732811832,0.9443674060775351,1.0572879253313867,1.166571202359504,0.9275162701584679,1.0412630608659965,1.3288966949096355,1.1300449793779006,1.325226793610345,1.197414313952413,1.1410244908298002
0.55555,1.0904488380119217,1.005698944274178,0.8628011392963344,0.9408801086161174,1.272996600958784,1.1214480167089174,1.0428341090331918,1.114641086739209,0.9973732408033128,1.1876092798661422,1.5649292442394473,1.081797786079351,1.269403371297334,1.5080657194364377,1.141429778188574,1.1132228923457037,1.1245161067869403,0.9702037166220783,1.2773437981509528,1.0432945158510318,1.016220377489755,1.2151694435310554,1.1096312151444967,1.0997109791954016,0.8754172544631366,1.5015484784662625,1.0874803702139595,1.2707778732793484,1.0492936196392737,0.955313416286612
0.55555,0.818662565343228,1.450099865018718,1.2059189547713811,1.0777360765711155,1.3304692180136433,0.8889360827423979,1.1263207692265316,0.9162784795697273,1.139141224701155,0.985878826519657,0.9632101786267523,0.9031011519826342,1.1525090234508875,1.0436802648982852,1.059670417738802,1.2977856664867613,1.0143825439023408,1.339671861415858,1.195057654698344,1.5462444374909023,1.287016007767615,1.300006856563928,0.8542471378694894,1.1087256980656306,1.0193451612391997,1.1923252223209553,1.1540960457670573,1.0616820676394474,0.9615290744047291,1.2336231672582267
0.55555,1.2353217941609989,0.9093698808070171,0.9638931772288803,0.8775139624830328,1.2020690601476443,1.0797481510819678,1.3162255418837658,1.1825737564869234,1.1759924434947955,0.9152784797908242,1.3332971100349735,1.3455305666387178,0.9569218516486508,0.9904514910058257,1.5152393035995593,0.9517840529265401,0.9469647078469328,0.9669751747539653,1.1705372387491249,0.9993057625574708,1.1339872075516468,1.3546998214340726,1.1407268171451563,1.059738235263904,1.377755211898008,0.8221634650790108,1.1709237144338005,1.0008721255260111,1.227359377610985,1.2018677681027112
0.55555,1.0342377015928728,1.2529540187516854,1.2669217771502557,1.2218744620992852,1.2894938768471345,1.0791165407109564,0.9866656217845211,0.9790742206673785,1.2758364606950945,1.142089017864432,1.2175009586917176,1.235078954067963,1.193219597521035,1.0233229529935532,0.8957090570548897,0.8901444739206097,1.0394720804036752,1.2116379732860874,1.1370889534817945,1.0858734691807486,0.8972143050339852,1.0317862436679712,1.0590702110891814,1.2495230108286361,1.173558367903785,1.0020036738402438,1.1896542862486787,1.0270998843648906,1.1642617508477189,1.0358573059951177
0.55555,1.0479118766119975,0.9897272856998444,1.1505396116900046,1.038443259315947,1.4398566895824418,1.44915830443431,1.2888305929385866,1.3247025889323114,0.9166076240028584,0.9756222596488358,1.1164470613860729,1.055368792311081,0.9288072604345335,0.9719065115717849,0.7862304832578852,0.990418844146672,1.0515916882843952,0.9756948349714838,1.3206349614414863,0.8560486579548473,1.42082947447191,1.2120631935174977,1.5255386644404798,1.5178047015840885,1.1696407400614657,1.056725702608591,0.9498706718871524,1.227234494030725,1.3510017217123158,1.3781159492904036
0.55555,1.1209796844071616,1.150154096887927,1.0910699769105792,0.9119344117242589,1.253461484950985,1.2461593040379908,1.1076707334101,0.9374197690556797,1.14215205908929,0.9587763004621102,0.7433325275708839,1.119922453380076,1.0348647713941646,1.2148159224571287,1.006938561932162,1.0117691427799433,1.0445109152273115,1.2217340506636134,1.262019597459442,1.081862885764015,0.9333432308733514,1.0516120519516958,1.3781269394509585,1.145929965099634,0.9927072382924864,1.000680737114302,0.8155534917820328,1.0197595463822473,1.3930592907793122,1.3619743149767454
0.55555,1.1482755052435754,0.9798752281533402,0.9251394119003413,1.2502020417649367,0.8754722319604982,1.1618479307425276,1.2173759131130821,1.0969798354019933,1.191416250028185,1.3374732917252063,0.9495835056649478,0.8477831303685174,0.9355396710144862,1.1118233488366522,1.1027543526999164,0.7585977713492743,0.8586384567168299,1.116795375575867,1.066190965007088,1.0106297551500907,1.0592770051463873,1.0153365387688706,1.3535945164922492,0.8927675639032969,1.010504037411129,1.1008582968699008,0.9537410645235592,1.0170730922077578,1.088554419356364,1.2314506675806867
0.55555,1.4498377937257274,1.214357399033833,1.0122816927728624,1.0540386731531521,1.469820442047994,1.2977648012858272,1.409798925777072,1.1975585762998777,1.1112717856660315,0.8112892462248372,0.8749224495261232,0.8157642773047468,0.9692951404958556,1.40349374164936,1.0156030961477134,1.2376446317705605,1.202205847179194,1.009693016154781,0.953872347699496,0.9327796117874559,1.2586293648780211,1.4624772216012518,1.1444445439499296,0.7597103808554375,1.0301823246389796,1.4311446082498693,1.132228509199357,1.3761042411997058,1.0761787604783024,1.057800337654968
0.55555,1.5196466781627138,1.251510994867655,1.08143956395407,1.447235970465593,1.1119077396029788,1.114479609755191,0.9752825529059733,0.9968795989693225,0.9748503272807244,1.1245136045000397,1.0613674260503874,1.0191503395576536,0.912377749929169,0.9314188596839589,1.0507528538486643,0.9513229081555051,0.8120406338820022,1.107550403306298,1.2861348982503626,0.9905780958810271,1.0191915683474853,1.00091536947714,1.133244217841573,1.0855161590819575,1.3857482141276274,1.2278052525965828,0.9919369238045554,1.2332952432173203,1.3536683539347951,0.9906788913075184
0.55555,1.3949952756298347,1.1880641715483624,1.0593874976100064,1.1997583214408296,1.211492553667909,1.2193311537329854,1.1568735177103646,1.3076537039529512,1.003449121537189,1.004211413979564,1.0763918289298042,1.1689479365480202,1.385672473265297,1.0302570538810654,0.8725009564891849,0.8481460022564716,1.2239055855113163,1.0962882136622634,1.199407848178686,0.897602974234738,1.1461971922658243,1.286469765562876,1.1220777215333395,1.2892709704190963,0.9185107690473228,0.8887159285968746,1.2150065285001501,1.1491750674154648,1.070666633846502,0.98197201510616
0.55555,1.302822456301584,0.9913743988931653,0.8074301159077392,1.051942086327154,1.1941475921242801,1.2260174069256304,1.3246500796891736,1.0741350463728578,1.1030938411794005,1.1410532369742938,1.2586684410668882,0.9350193745653939,0.9361905239133058,1.0186768371580937,1.2760015800923494,1.0820369946234383,1.5592415268292625,1.1780590854560062,0.9080843808256325,0.963839464945687,1.011737192697248,1.0324254790535001,0.8726989332298454,1.3163786900949082,1.152557511328371,1.2598132726155373,0.8984065906682989,1.2584243988424528,1.3123436840639742,1.1234440684168754
0.55555,0.9244485118831568,0.9748125744427861,1.1179898399066557,1.1594252592843621,1.3251896375193968,1.0461446537855523,1.0980170770062252,1.134962605434061,0.8106959030238928,0.9511869754932475,0.9593485270224222,0.9835476933459442,1.147558064158474,1.212272586487991,1.1663754662636918,1.1468282640224114,1.0855247841596467,1.1861998570700159,1.2243027841217107,1.1798641577521485,0.9969712048822437,1.0341826973766228,0.8157464941155148,1.0975310755440826,0.9673729642756859,1.0053441545734094,0.7991584401112236,0.8740754329279201,1.1411605409763341,0.973586454399701
0.55555,0.8916442530929073,1.0966062694766028,0.9493844082065015,1.0733688209939933,1.103920794299978,1.3212444203264253,1.082690649711721,0.9607155149843799,1.3125376890488554,1.2568262036799416,0.9862769432047794,1.2779305927333118,1.1423140377541063,1.035463896389112,1.21190282445769,1.2798549270611383,1.4275454473347104,1.2287558769847473,1.0086716258699953,1.2313041251804604,1.0985966006068781,1.3250826743581745,1.0704636989584326,1.167095549711005,1.0007646573984184,1.0272325865411094,1.1281195510737085,1.0104574956113157,0.9150169250864633,1.271827252652626
0.55555,0.8955354138212736,1.1237814755452507,1.0210941503765951,1.0764178270893872,1.2362197471925034,0.8762158563920703,0.8966185037653694,1.1793540296153222,0.9970809682325104,0.9454540932857518,1.2686692110816171,1.0861052238542563,1.066533733435603,1.1389022070784178,1.254242633030798,1.1221871443135145,1.1379186407329476,1.0400145126141103,1.1384505254832205,1.0916745380829147,0.8845214891376422,1.0125855090287736,1.0538709309889647,0.9444509069319746,1.1493217577041668,1.2131153822449463,1.1742802380761685,1.1591098818904881,1.1048963678473456,1.2856875523636286
0.55555,0.9645649710596581,1.4498138898086652,1.3073337609979292,0.9875999071778315,0.9360786175239378,0.8667287407080801,1.1718115129526236,0.9657060165373238,1.3433097355722654,1.206021779934654,1.7241997018354502,0.9882357592078422,1.15005994123206,1.0535452901264626,0.9806888996554652,1.0587721990086383,1.25650954823557,1.0115669513330907,1.4243753890615194,1.3060985700999532,1.4331220515091745,1.162652094209101,1.1685864117487776,1.3308462708916884,1.0966308946481633,1.2411051956913743,0.8884741689661769,1.0716884960143944,1.1360531084065841,1.066647170271419
0.44444,0.8941927154691901,0.9086526881201891,0.8653062316675648,0.9502421828628251,0.9924870195144526,1.287817350015552,1.1723942441144946,0.8858448733074598,0.8451598595004516,1.1016322438683226,1.3922485355987861,0.8688562491551163,1.340746817559867,1.1792543811477143,1.0405582798780812,1.0570333274012245,1.009441799310961,0.7855004023572595,0.7685524316441676,0.8528349051202957,1.0813773604707044,0.7645163033894861,0.9654081042695748,0.8050821865821447,0.8935285559822599,0.9762792891981396,1.2073043048179726,1.1090894382111622,0.7277941786099654,0.8272561713605413
0.44444,1.0354583401779038,1.1868810709555944,0.9839006658466096,0.8765338066829025,0.9512565880640491,1.009980581789652,0.8890561394951427,1.1398924747758306,1.1068463739515721,1.0932945350829155,1.0198077610917664,1.3740193776863057,1.0443776759117636,0.9819314180293534,0.9829548985939851,0.7776853279164241,0.8602783089184406,0.7550693853606094,1.0349076666421024,1.1093500384220005,1.2023401893362404,0.9513800032982914,0.999097379497539,0.971737279555657,0.7888744355160878,0.919478425597386,1.1375690639535379,0.8781507701251692,1.0415610674322517,1.4044501270005008
0.44444,0.9193845414506124,0.8996147641545338,1.1508397366828487,1.1181216983577804,1.1905788913402844,1.1179415509914878,0.9947829323131733,0.8821026051716558,1.040360260785228,0.9355895911714112,0.9936927370401186,1.1864039873057357,1.1702084723344908,0.8236591888549518,0.9039302631247542,0.7087183603729162,1.2767741552965512,1.2309491141612705,1.2230317513873847,1.2199946066603014,1.130428198351729,1.1754633219050208,0.885413031652939,0.8855745324843385,0.912275173419483,0.8738634673039983,0.6839232457461715,1.1081385451147079,0.6968919567664356,1.1256466470923776
0.44444,0.8514119515664308,1.0027964884297418,1.2514300805919818,0.9036010731626001,0.9119753299358045,0.8658687555748971,1.0669862606741252,0.9613050256621507,1.2717658382098196,0.9842103121367455,1.063568935239956,1.0305775063250235,1.1384342868555926,0.9814868918057544,1.02803319398725,1.126882112302665,0.6848556497270496,1.2618041542284104,0.8867241448405457,0.8804007895751081,1.081543997211712,0.9299992219178086,1.0240484234713423,0.9567548661983903,0.8709371802621895,1.0650152789693543,0.8595441546258508,0.9633406101201496,1.3057184562856297,0.9784830716345704
0.44444,1.0068845797681827,1.017006526284833,0.8650053441632143,0.8582018286389439,0.8779206949453564,0.9181535247864722,1.147824650740019,1.3005395462283327,0.8791251787518853,0.8553531449203172,0.9400603785660275,0.9895099772071704,0.769377229873355,1.0746434619228873,0.804187949107982,0.9652076169646252,0.8496499736758668,1.1255110310563543,0.9614304438454645,0.9352869662816098,1.0348402093154683,0.8490951990939509,0.7692733869745881,0.9954016062133784,1.2858324949926387,1.216389933071553,1.0427187123986013,1.1799473072024467,0.8948825008264182,1.0655533627524543
0.44444,0.7473811472403338,1.0057899678046718,1.0005241834871421,0.8807149645662987,0.8962035424104741,0.8879071652559501,0.8567410439851467,0.799567692904897,0.9683812601274323,1.0717084147068274,1.1489670989472565,1.0999696742197231,1.0968021895603701,1.0262667287769622,0.8189049268575224,1.0372442178781853,0.8233841710622942,0.8257799922896071,0.8436509788613271,0.8882357525397949,0.9163463564912261,1.154933585885884,1.0051367084985936,1.0571069032734992,1.1867750487018445,0.9776664790579119,1.038414671393922,1.0268872743971942,1.2906616683387755,0.9057226547956295
0.44444,0.8782048851121507,0.9184385040123396,1.072865753096371,0.7971744153737087,0.8690084959313977,0.9546633357944657,0.9039777732058262,0.7765135517710885,0.8583029103680878,0.8833098639330258,0.8558078735642894,1.0252319613381127,0.888128731507907,0.8309024311553471,0.9229576454616055,0.8196714758050277,0.83521413732891,0.9663563638867921,1.0434438298244697,1.2003788092223695,1.1268426487976124,0.8415227466548747,0.8299478615381845,1.1706036030205627,1.0661211229420748,0.9655265847712096,0.9648116629682136,1.0066676503365528,0.8107102074198526,0.8918710945303492
0.44444,0.7360706597386422,1.002560221130933,0.9627606752449931,1.033220158885381,0.8027888678521566,0.824023193354665,1.0034404173358735,0.9050137680547493,0.9721425030370002,0.7197037945578993,0.8759460944961291,0.7989531498884448,0.8404608010269959,0.7779626874398131,0.6873295679926512,0.9307811888191392,1.0515766823306913,0.8799398422001989,1.0886480453919847,0.8347471244573059,0.9255384879510485,1.1397058744830142,1.0870227251775062,0.8765764452058524,0.613999793356873,0.9950996848075525,0.9468764942118398,0.6878797468736939,0.884669009602643,1.4807197022353225
0.44444,1.1043759706127663,1.047712394330678,0.8432605592658873,0.8827706197902301,0.9684822718128409,1.1685136249265047,1.0599014582164659,0.7950863325440125,0.9801139281963664,1.4853803964547376,1.0997741635709144,1.067673979866501,1.0100715086790255,1.0069662785730418,0.8232274142162344,0.9330097475838576,0.9032694017399957,0.8216350193589176,0.9454097809771459,1.109300192712375,1.0126903461870855,0.7463113108324985,0.6923451682537729,0.7234540829275006,1.0557404782544402,0.8688940804415523,1.1646898958202563,0.9240742437989886,0.9307332682607166,1.4139819282543973
0.44444,1.1541316075597183,0.8160970621101127,0.863888516397925,0.8237840067829085,0.9358240070974823,0.860871834846731,1.1804074994713798,0.8736445209612547,1.0505357827783028,1.2756187443090399,0.8082874097735009,0.7574568332001699,0.9064389727745807,0.9306913609464859,0.925393593110306,1.159359800560232,0.8680154068166938,0.8809338434537051,0.9632814597302184,1.0350446101172497,0.9749495680272167,1.097900608514166,1.1473916744734223,1.182009681809958,0.93447024634673,1.1216308887522173,0.9067985509267036,0.891704346040852,0.8773423159362339,0.8923200534077119
0.44444,1.1344092738101625,0.9254861527627342,1.1285107424167318,1.0517550513520932,1.0946040803527917,0.9915963947865468,0.8362368924513676,1.0024701046514644,0.9035619667735459,1.0739560204084209,1.0322097402617927,1.0138779706049112,0.9570823880763285,0.845628259078973,0.780011052436615,1.313715747059239,1.3275845134761988,0.9563503049148186,1.0073007065243897,0.9032862724427033,0.7924425736763264,0.7395378414185959,0.8291201731936909,0.8418327993530111,0.8703711339816237,0.8171242808701555,1.0062469590368608,1.001517693726021,0.9157226389591986,0.9408230189093333
0.44444,1.2225791649156257,1.2046012708138094,0.8001717766052767,1.1288774932962247,0.855447298471787,0.9068892201420152,1.2403972416160307,1.1129169480617096,0.9245099580011612,1.0279559689222817,1.0344277898697976,0.7289090859500391,0.8809039851999998,0.909515919472106,0.9372777095884168,0.8389313563000231,1.0981778146970183,0.7008683053015722,0.9351231667057399,0.9038617842364749,0.8748319151225915,0.9251591147062534,0.9038066541208859,1.068934794231618,1.2458662794965993,1.084048011986395,0.8055510418124607,1.0890473734916686,0.7819838124923396,0.9594534348141399
0.44444,0.9097210088786267,0.8714443722718216,0.9678989354313604,0.9223007520646701,0.7700480798869195,1.2658776373935376,0.9139439725257941,1.1723017917885943,1.0198933048635066,1.1359898679126317,1.0024166896234104,0.9243501915988651,0.9423008322070022,1.0611999161028411,1.1102392740950904,1.0920305205965544,1.1371265680075298,1.1092683090994293,1.1454364099483239,0.9647757622333115,1.0651563771293966,1.069558028903191,0.9600747648050028,0.9000068122136687,1.141995377276677,1.011573820441201,0.9706259574269486,1.0456471878959772,0.8449805268588677,1.0089003120992166
0.44444,0.9516259015893295,1.0133562226872483,0.915655328035981,0.7593841313328225,1.008719668318362,1.0053984618982221,0.8126570328173374,1.1961161996209955,0.9418836314407887,1.179483188825608,1.2932518408075124,1.1373700303055616,0.9717269399026836,0.7882824029399224,0.912138161807914,0.8173165341969921,1.1291831643331123,1.44455455859529,1.2082822857228626,0.9875123402317991,1.082412757215732,0.983773462630239,0.8252048130046012,0.884779876565895,0.9573360784144331,1.0458629421230923,1.1526118679402566,0.9408268456393419,0.8863942666187433,0.9957397430070731
0.44444,1.031269033196894,0.9380500146681204,1.1511282315988625,0.9643468923863979,0.7308709784524193,0.6190922904618503,0.7580764834265121,0.9147068548271647,0.8733003734123888,1.3262777494751348,1.145351335895134,1.1119984635521454,0.9795271200077911,0.9198226696849343,0.9802013280885155,1.0373052523106185,0.961246317810766,1.2544177925548525,1.0067271731119218,0.8537332154914166,0.9426116659786229,0.9543366124693299,0.9706182930487544,1.022741563216031,1.2776044700135836,1.1652682723139984,0.9046889038995444,0.9446196099851293,0.8445888064996392,1.1788819656664775
0.44444,1.1585213754684691,1.0207089231807014,1.1731015697878913,0.9589543642573394,1.0547466111066544,1.0690647551810804,1.0810081575919503,1.1342711045119613,0.9844115754303133,1.1481348423012905,0.924959704650857,0.9392962793285442,0.7820970722188916,1.0561113290863615,0.9599983192395294,0.954042346323367,0.9360211481880637,0.8654901250166578,1.119856401148761,0.6642576665690073,0.8633889116209443,0.8950372563885706,0.9780121105382976,1.1225614765342928,1.0329388341923766,0.9035193578554211,0.9300510319422399,0.8940375137735713,0.8252944705676798,1.013616320138676
0.44444,1.0483561031901656,1.0517227219513603,1.2659135225752236,1.0809319800003212,1.1057853212743345,1.5066248928841335,1.001638462114966,1.1167481112805262,0.9258096624149802,0.7959793243117499,0.8532464854191207,1.1014231172614195,1.2008995611732587,1.3017718055321987,0.9554639470889431,1.0678981589455245,0.766939271722111,0.9143424994261236,1.2412834640598203,1.2797793597365061,1.0810386431411967,1.1610163659294612,1.02491184489293,0.7619839839175496,0.9099300965998831,1.0380413050532669,1.1899864285144695,1.1581543433057977,0.8583388780856978,1.1147675522292588
0.44444,1.197479198599045,1.2265045647397765,1.271529043928796,1.3778404149622636,0.9703780978080011,0.8212403715879346,0.8507598635235796,0.7772934976127938,0.795222985694345,0.7828543552369654,0.9164841154864007,1.1367667796062582,0.9810995579565731,0.7696136285788047,1.179360990983034,0.9842656464001371,0.9727223933903272,0.7791802270040135,0.8594471482680676,0.7976637311185677,0.916856239697805,1.1003317639582153,0.6935499431336801,0.7777331256734443,1.1938335949191599,1.3416171144397682,0.9758142250834695,1.1599195680834213,1.0249760489037825,1.052128821103445
0.44444,1.2803080906305426,1.0006747854013416,0.9082432957743893,0.9553194930914066,0.9907646885997042,0.8295019912662441,0.9323729970918204,0.8986284521246576,0.917592684203046,0.7303064326184847,0.9445982001163346,0.928740718784057,1.250182131481338,1.3158745345064593,1.304915916219903,1.112790846484986,0.7996760341979793,1.1939817685201572,1.1609379828921613,1.2796215639535267,0.9297112571231075,0.8126391111496202,1.1004511545358566,1.2315638825960746,1.1286860241926404,0.9488150534243313,0.8569145230016127,1.059584740627246,0.8116776077965703,0.6830829264243772
0.44444,0.8920885815155486,0.9045848280656834,1.0474742090367757,1.0165878876701653,1.0628091677925489,1.2456138486787622,0.8061545309387208,1.0031611774903464,0.929252987882006,1.0757137246179385,0.9024356021271316,0.9763737485527416,0.8978150581552773,0.9416930298576247,0.9632533898201955,0.9739266062405021,1.2157793025055208,0.9482739833823324,1.0882029811400256,1.0697838938264204,1.0546635842030048,0.910347293795667,0.9545183698834198,1.1664191186296786,0.9596170890059039,1.0079318967031092,0.9796648676866346,0.9355670413618019,0.9448193004338807,1.097352680891512
0.44444,1.017647386027109,1.0501103793684046,1.0406146986083649,1.028306027236049,0.8998510798746746,0.9576910691213882,1.1171221196363337,1.0089323056101704,0.9063313912483014,0.7774952451193883,0.9284902157381214,1.1902553743898274,0.7834494525001588,1.0190918703991962,1.0337671604453142,0.9486191908805844,1.0179132013678125,1.0634221134660788,1.2616718182055053,1.0703329738772294,1.2671413747944775,0.7969316475815277,1.0704777244140757,1.1296962731194005,1.0824187204131832,0.9954928156351597,1.0452561550527693,1.1431303962666621,0.8262854216683474,1.2297548245654577
0.44444,0.8049850521976996,0.8708291370337561,0.8105368857167707,0.8961295774402017,1.0282387961074093,0.9450757838717195,0.9627600225143457,0.9543847517193642,0.8297867867210098,1.016647541288833,0.9779822427461056,1.019719434861975,0.8008383429014874,1.0947673458639509,0.9331110484883806,0.9737589236278533,0.8974777497014003,0.9962873903913249,1.0327980454146077,1.0483688189441378,0.7951572377742565,0.9106128517017459,0.9153775444053955,1.0393373194026492,0.9108905460403579,0.7540928100476341,1.0281478126622372,0.8042741736796138,0.9158373560730729,0.8908678966903307
0.44444,1.1589562871392496,0.8953342118008827,0.9818507875024782,1.2953682322750912,1.1559542010271033,0.9355891761351459,0.8336647264702126,0.8746859203782635,1.1919935810633582,0.9693226400994276,1.014014449435208,0.9296343323897104,1.1147453854537384,0.9377139014864031,0.8942942373758016,0.9631682612180579,0.6835147244374998,0.8082733745682983,0.9214705708143126,1.2598956700546478,1.0580051680548088,0.9665749240929291,1.258215951501259,1.1326009700121447,0.9013613282370603,0.8567516950764289,0.6733869131203203,0.963258568996594,1.2916563602358266,1.1273331390489802
0.44444,0.9608737403742722,0.9703474378608972,1.0477749587910064,1.01326874629313,1.088185966481231,0.900759672188543,1.2867012879703867,0.9629265903829001,1.0704662615801952,1.2056939988563455,0.8812679944965687,0.7954028359777665,1.05388059110719,1.1704021624816647,0.839070317308323,1.0568626445603517,1.0845047243523083,1.1907810067428044,0.9014093413465085,0.957885399504424,0.919919115797752,0.9398147982556737,1.2223046231215333,1.0236641465858292,0.9632633213680961,1.1798444626624527,1.2589314573132837,1.266435037793182,1.2748131965667273,1.0958979795244808
0.44444,1.090770489672594,0.8982178920107728,0.9693845623849466,0.8405320777851516,0.8490089985402867,0.8928976694907106,0.8537576867828927,0.8897387805887257,1.100277756835211,1.1359502920919156,0.9556727661709984,1.0062159148877443,1.1005375787255411,0.6713645744127252,0.8494049873653253,0.8915537235452379,0.9782034227478388,1.037043502844479,0.9188398180234335,1.16634243513246,0.7803973878405598,0.7760539806856774,0.8285934082684681,0.955033156647604,1.203395863742691,1.2140630383206,0.9240818267072329,1.1340292321543286,1.370160210069476,1.1238219146181236
0.44444,0.9648981826172466,1.0952084426592048,0.9993935744462829,0.8867268495383452,1.0630716807533942,1.1282305390400387,0.9091195188056901,0.8584678338275507,0.9538919491499867,1.0149280685099038,1.1043916555228945,0.9052126896404861,0.73422573139408,1.2307962508003942,0.8583236071579067,0.8116875125304288,0.9027817680283298,0.7669302809453098,1.2022351060889205,0.8672380323121165,1.1267174905252457,1.0453646028045525,0.9478404758224223,0.9672095540813731,1.1470633163866446,0.9552952093879392,0.9377113872976736,0.6613467190939591,0.82861113894725,0.9288988113357197
0.44444,0.8491401186133203,0.8002443684890151,0.8519658665482859,1.1548236132844272,0.7993480223166946,1.0656538637584934,0.9629067858142142,0.9825908355523281,0.9412142155210923,0.8867624275635868,1.120097660496092,1.073019298093354,1.3121333459484408,1.0381555681847283,1.2851577039769377,0.9289553005433873,1.189357948786767,1.0221242602765768,0.8905135944492731,1.0779962757963129,0.9392577432831348,1.159091341008756,1.5368579078723326,0.9830333356522395,0.9186635930917244,0.9845741431445865,0.9083323755862834,1.0636592772519926,0.9230070834173161,0.857917484073267
0.44444,0.920669529962012,0.84979150539605,0.8402032540804061,0.9880264243542919,1.11907142871508,0.9347949005616103,1.0386494486432727,0.8153254463882914,0.8316568535296744,1.0013076776080514,0.7443200933701649,1.0139628808620706,1.2830708494904661,1.1200904021928126,1.2591232915718458,1.0315410056669712,1.0795128559931026,0.8727842668565355,1.0940375815868801,1.0913092200925834,1.0075806265730762,1.041400457954225,0.8104504554165213,0.9378042097163333,1.0019613463387227,0.9819036088155707,0.989535673376434,0.9254648783062451,0.9537895820338755,1.0802300462405654
0.66666,1.1262870758301362,1.0842757315269382,1.0963838209564212,0.9122641067298254,1.2390904167054022,1.215449581509402,1.0910644876916644,1.4344784520326694,1.256808436171395,1.1082409618784907,0.8579187660072151,1.0072184984796335,1.2970453124943624,1.0828616452591742,1.4340562855429797,1.0590615213936398,1.155161668808069,1.4115077228969037,1.5244119318758964,1.043394716176177,1.2857228739830795,1.2392519097818084,0.8673552823145994,1.0466802468147536,1.1768544647983663,0.8934668628003634,1.0941384923372683,0.9468720543680526,1.1851644012812779,1.0604105909202213
0.66666,1.1825446475614996,1.0723639305822878,1.3174148279695717,1.259364603661504,1.2735234706374836,1.304338059957027,1.1048355445791342,1.082017807212814,1.3517540187852575,1.1622317124641286,1.3867595335111473,1.3858919828172191,1.3093639193831828,1.264934489402865,1.4435742929360722,1.4406049997627086,0.8665832195586598,0.9579238058156685,1.375512684359602,1.204073550598808,1.5028374138418636,1.499244340068629,1.2965283670714665,1.3253343500391768,1.2253388345328753,1.1065634092158243,0.883113225795014,0.8698208376010512,1.0927306727634634,0.9466172272638933
0.66666,1.1354350523745989,1.5906257065530327,1.0911809504142964,1.2013709756867204,1.3678015575909905,1.4119809309710605,1.1337116493109707,1.3940738961265824,1.2163800406157375,1.367509837752858,1.3579180484642557,1.247047039411881,1.0595962447680358,0.9376107055070386,1.4216691339255072,1.103784554831011,1.3142482429491151,1.2302058784460208,1.7077482917820839,1.6902623275445092,1.2805070110559367,1.2841632876641276,1.2385711104470247,1.2554137103920557,1.0640289821218734,1.4245371839370022,1.0338288744093582,1.3433640751745821,1.14473536239683,0.9791412202331415
0.66666,1.556305781343953,1.1716266545413285,1.0652656095545963,1.0462426621203273,1.2602569356763895,1.191068242801422,1.0501960748650256,1.1349312714102329,1.1771671826343562,1.029553628668457,1.2473201945244317,1.282424003545168,1.2016724448493499,1.1849355950623237,0.9087913433684895,1.1511482084428089,1.0459127231085057,1.1629905288746085,1.1094790311807499,1.9282220059881006,1.7141151103809402,1.5143701519733566,1.2800391725978038,1.2072305042043892,0.8769284489558311,1.0096033852783493,1.2118395018077257,0.8916910721496996,1.245371436353714,0.9899152227691699
0.66666,1.0646171620869798,0.9925961445375204,1.1336109485277976,1.1108909881198548,1.2461857043349107,1.070614561915679,0.9288743956199262,1.1473464007562466,0.9718870377923092,1.0884807904988818,1.2728973130977004,1.2083692911175492,1.0308068687152692,1.2440684707713157,1.2676567707665525,1.0268409866824444,1.0225015614596378,1.153189009333232,1.3172761609173793,1.21871227285283,1.0268753757903348,1.0241157480623608,1.2652113618720817,1.736261834917249,0.9694906736586435,1.212686543207604,1.4583958225089577,1.0868635541313287,1.293738617569169,1.141076716925202
0.66666,1.2122435601966501,1.3922628089978573,1.0658498385187336,1.3957559659460743,1.2022570035739664,1.3929765197799988,1.10883204279705,1.010866175922144,0.9641277845351722,1.3038546210862128,1.193483664159576,1.3740585160770633,1.1580077291803834,1.0498646911532485,1.1659930101640172,1.099307035368445,1.124204935886902,1.0061800403574177,1.1186064546902186,1.3058911815118357,1.3740717376513183,1.4611100697602537,1.2886381079076707,1.1410572471853386,1.0793354812977944,1.0689024542653802,1.2124564194960095,0.9552642304776574,0.9885841089176581,1.2283183336052408
0.66666,1.13290070574032,1.260146657881822,1.056809101445826,1.1181164371699068,0.9089376552521319,1.0987284159138182,1.3688401009913191,1.2677360061128236,1.332284521833022,1.232502850308655,1.077627924795751,1.2321929391188327,1.5015198961671552,1.4315081742897244,0.960048151691216,1.1524996585771954,0.9057270229695934,0.7048924528572454,0.8173305787913133,1.015851688860943,0.979214147916394,1.0299090363402188,1.422147438403498,1.2811604168103805,1.094076733137856,1.1506411289949618,1.0746366347971874,1.188132791125017,1.2293045324817382,1.1884406279109812
0.66666,1.2244929163596836,1.4173465699419463,1.2621450680706026,1.080011050726051,0.9816117211146115,1.1004371104573505,1.2704308385201375,1.4742897974896438,1.3065128340315588,1.5060459449327361,1.3135511635092882,1.1555272917768074,1.0325341713191927,1.1962555098337164,1.205751696809113,1.0406132841800986,1.2793664383922567,1.222172282342716,1.367535379927229,1.09361838769066,0.9403064524616598,1.0196361808826844,1.5228075945573354,1.194541082987342,1.1345143646350944,0.963641422949421,1.1089509686970176,0.9131802361037624,1.717258642522336,1.1998556458753253
0.66666,1.262796360581368,1.3280026547118482,1.642720700641998,1.1379678413322092,1.102725006394125,1.0363346053586242,1.2678729498907684,1.219448410684703,0.9413479441711465,0.8592100503298199,0.9360940739892786,1.1655297210706221,1.1396281128432797,1.3825497127905748,1.337896545976323,1.219561226905062,1.3370679059312558,1.2621902696012446,1.26395541887393,1.0255887813926416,1.2925442057453804,0.9155059479550892,1.0891757321796658,1.0435798703323365,1.126885048016321,1.4016415391570767,1.157444714101518,1.3660630771912732,1.6589057627998158,1.7471294340351171
0.66666,1.0488593391979515,0.979241418187359,1.3338127487823845,0.8789821705434566,1.236378959245476,1.3006466908702732,1.1040451885407407,1.1393617141533199,1.4492567630973898,1.0383286277439012,1.1642933732638112,1.1477700680640848,1.0843723163128534,1.2986053072399715,0.8728953516936006,1.038956383029322,1.3643606309527987,1.2133106902926585,0.9702725691677041,1.3642905391311773,1.2072053237185076,1.1369541307953228,1.3190328419845174,1.2977931057741252,1.178933259193376,1.213541375747444,1.1965921493503127,1.280036242262244,1.2428579563126132,1.1166550198594647
0.66666,1.3357723167470046,1.6428886782885304,1.6090592853974595,1.1262993816724072,1.016365800836972,1.1282227511347211,1.1389169831114487,1.0654419232713819,1.0797339132831927,1.215364950060694,1.5876319333698892,1.0819907488628424,0.8797755317346035,0.9131774598242511,1.088224872843892,1.4582860581483965,1.161679437632879,1.5029939383432696,0.9711891074332496,1.0838743622287728,1.0798387928167508,1.1586264347956845,0.799435501154113,1.2802417438529488,1.0223237905863298,1.2294196294404265,1.1307711020397242,1.2659474484830584,1.0028980850504075,1.4001133921754076
0.66666,1.4397348643656176,1.1393223762662144,1.0628377346612738,1.1004896172743062,1.101931421006364,1.2446719034184215,1.3423588307355436,1.1503130167207205,1.0324358329570211,1.0986941171532276,1.135621166505357,1.0577261268294413,1.1922956161985137,1.1459286531348412,1.0789007522284726,1.1782724105304012,1.5340392482281193,1.3255997317841983,1.2935487955666962,1.1819547908173982,1.216681761319088,1.0115832318157634,1.0025998042250992,1.0647995110958224,1.083692373743937,1.7273394215338767,1.156507488582377,1.4785448701757498,1.1398135401221325,1.2298539387377676
0.66666,1.1392739610639286,1.1303300597715051,1.1952764204356747,1.6909082336118513,1.2383431281252653,1.3742486967692396,1.567321863946351,1.1630968228737535,0.9233509207891406,0.9508117660604665,1.22152588319481,1.5047155406475936,1.2721229722522547,1.1695873515347577,1.1471543630298366,1.3800293995574786,1.3157845233837497,1.4546974030527604,1.429937214365334,0.9916332620187809,1.003157719209361,1.194353661083098,1.2324989404656341,0.9290240884090958,1.3040058952446139,1.235371628483468,1.2149175605378082,1.3471267189882514,1.0271021158175657,1.28603816043711
0.66666,1.1396123734839194,1.268953526293536,1.0021123529927407,1.3756704627328649,1.3745225940304213,1.454278645467862,1.0385983437835602,1.192167126764655,1.0532628289551977,1.3520570626460904,0.9887316355313968,1.0669875187289881,0.9985248139870737,1.2481730156335475,1.2127936003333601,0.9259966954182504,1.0354681823480012,1.2740715313387811,1.1079724407041631,1.275201035134677,1.2334886005675172,1.1155069813568161,1.051867452579315,0.8595085789664443,1.063163566134124,1.0144586040909391,1.125818694375555,0.851478856760417,0.8811491360150326,1.2231559778628673
0.66666,1.209338399049806,1.1306901130129006,1.2579902606825886,1.1305355128741763,1.1142391595630017,1.4502906869177385,0.9746308565976225,1.196616293127036,1.3543921319552121,1.3332345345642362,1.262599543944935,1.182633643925199,1.125387258839339,1.1330012315519045,1.0154595239581727,1.2167423292878599,1.8545986555206857,1.023398490830487,1.3184458136419621,1.3299088442013158,1.2525329221607453,1.1430546767295167,1.0923303349399647,1.34526467038683,1.3757282448103312,1.490195165082768,1.183759530160044,1.355632918687636,1.141080491398297,1.2096909528413584
0.66666,0.8228799433443841,1.1143027580528693,0.9602611524003655,1.0631844300072877,1.2212980108389644,1.1103240756530046,1.3841585231472209,1.4398839756785964,1.0820978360961873,0.9987422052325866,1.087188658597503,1.0131883474728167,1.3946430312427898,1.1044465716924063,1.1558009696727818,1.2656718447094342,1.3520409710755454,1.3114882283893634,0.9266419663698137,1.1828684027236414,0.9876584424939538,1.1215085079158933,1.5850388706833722,1.3918780908135253,1.154779645645174,1.0317613200490083,1.0378885044193806,1.3890832268533981,1.3602263319446497,1.3388639263226065
0.66666,1.2346634041210702,1.319685629753735,0.8571212221990477,1.2006395009478896,1.2453975179400418,1.209214610163315,0.9665902679126867,1.0121825987309943,0.7856236587717702,1.4120352547631985,1.4139965815674957,1.0649274805939073,1.1595153634840927,1.3453690496205297,1.2783989034007686,1.0719396233374265,1.0602765608863367,1.297504276482974,1.194791265669675,1.2200846802097782,1.1280968131352136,1.2827520176110554,1.2020934174844788,1.1507750343055565,1.1416917312642718,1.230482963288594,1.6160650059656563,1.2789939201286902,1.4107570966527168,1.1363153662022882
0.66666,1.3863662878200518,1.4049109182941173,1.2386700612439474,1.2249050492564182,1.2269401628443657,1.0633598605775698,1.2840041329261973,1.1882160952134024,1.1681370958133976,1.5239838906875074,1.5169840166069932,0.9816020599009846,0.8229207611068475,1.1668133384789106,1.132123450976686,1.3050924265248731,0.9614561375487735,1.1246827571826334,1.125442320534586,1.146708115257927,1.214675521984203,1.1629618734249885,1.0271426194397102,1.0133495209420416,1.1132507310119677,1.2468878914178023,1.2083471695481014,1.4168143587804614,0.9821630957703751,1.087818555363435
0.66666,1.3783828065450978,1.1835530179072902,1.2003768778424069,1.1690662233269309,1.3058850938383328,0.8711151092138519,0.8527019797021801,0.9539314823023274,1.3987769354028143,1.3947463784902037,1.4458680812933995,1.0080780325421603,1.0381800136389854,1.2913310873416541,1.272864871985982,1.0133737611356872,1.2819686095430938,1.3896009383239873,1.484885104747222,1.0570392814479892,1.1147756693799207,1.3258004752246753,1.4725343111165232,1.2645735009579138,1.1681019390002265,1.1899771734789693,1.0837059031881644,1.3115083793156657,1.0938986150529122,1.5206492011923913
0.66666,1.079899946781437,1.2471499544773532,1.1553492805782777,1.0223592366020355,1.4041448877521419,1.1033751205504803,0.8658615645138108,1.0185460450348196,1.234306110146828,1.3122591621251325,1.3035867850009402,0.9370881472924101,1.0866136641103978,1.318932264612329,1.0485237645700036,0.994963044601893,1.1248837619023846,1.0591416256300856,1.2513706952541974,1.2477896838712126,0.8312501444374891,0.9444289259997721,1.010637612508571,1.157569915003399,1.544345254257206,1.214664214746506,0.8127811386785894,1.0253656022960538,1.4020814262925294,1.4833879780790213
0.66666,1.4112070834301487,1.130381999713714,1.2909611215470764,1.530898027073685,1.3380817765925324,1.375692729685588,0.9725703732376572,1.2793572413752374,1.2452950165671512,0.8910193060073617,1.0649710886516377,1.2247860450036883,1.0457621995830635,1.192873131092505,1.1645179053747399,1.1585470484642864,1.1787162545918226,1.0539397797249908,1.062598931768628,0.936614021471612,1.1676949227018087,1.0147339221338876,1.3065161583313085,1.2193177401923139,0.8746807378606976,1.1808126752087955,1.1629433189595084,1.2070777038638483,1.0673533182325,1.3971918831014192
0.66666,0.8507889209418829,1.0869313960652365,1.225784232075849,1.2154156390278166,1.316182349406101,0.9790198552291038,1.0507774507895016,0.9810935321429755,1.3425580162453676,1.3404955190951067,1.7770691739392854,1.2783602999057524,1.0426197551104301,0.921904538646848,0.8217544337096309,1.1698766315020424,1.312980447162975,1.2752003577911994,1.3043740033018993,1.4248585082595133,1.264550572929414,1.3040142440203404,1.0629566038549008,1.2206216691503486,1.2168179758434625,1.2054187780410084,1.5478534794388996,1.1149190462947771,1.0132080030569126,1.6828927318887774
0.66666,1.2670708974406704,1.1645431489808267,0.9928660743968524,1.3053285465150224,0.9631706971611081,1.0737845251227272,0.9820061343285147,1.1826404153678396,1.2639815787431872,1.1503627735059496,1.0944967097061833,1.2009639741270268,1.1520639599436127,1.4016277875417595,1.1072864730747862,1.4388637588885775,1.2794092290557948,0.969995190622185,1.268456268620482,1.0385336496548034,0.9439772316404278,0.9078712314350127,1.0204566762720444,0.9306823181701583,1.2292400420361222,1.347948421242727,1.00038547794211,1.0566736973924982,1.2713741616459187,1.467362005980934
0.66666,1.7280390578604181,1.3268869223614832,1.134118060744346,1.1670664641039266,1.0123846245749104,1.0739903268917188,0.9832447298834527,0.9702978961182722,1.0495853968103661,1.3210773192360517,1.2653456409240065,1.1864008970618043,0.8257997498748832,1.0525732077739751,1.3327152703144847,1.3301554370562112,0.9478524363632649,1.0459432094416634,1.4519023046793103,1.1973296945844574,1.1335257640689775,1.1065013563484645,1.359338580089757,1.037377721366575,1.081089454096937,1.0986820485151045,1.6077657384728263,1.1255366736818149,1.2774714967085363,1.2457133974257169
0.66666,1.1542602832979911,1.195234306087684,1.2017627835531903,1.3296762740430241,1.3459759419759545,1.06838239323354,1.1160505492002715,0.9917520510441381,1.4975120213353177,1.2903764431710234,1.0731205125816088,1.4877771211011968,1.3752915984786873,1.068914892921319,1.0089756766602225,1.0684666503415141,0.8184223082724341,1.1836622897174627,1.448004678454942,1.0950451857912775,1.4340917392736423,1.369948371472573,1.221155264666104,1.1357844593666022,1.0008903899366164,1.170635643699381,1.2747886558933326,1.541059408669564,1.4997811615085952,1.0378343862337125
0.66666,1.0068451606780704,1.1540165343780178,1.027509552336696,0.9227570111812979,1.0629145880729278,1.1037868498444992,1.0441275062312039,1.2002220904094176,1.2518012098762934,1.2235391943414617,1.1714615790892622,1.3986686078755344,1.0398492087740117,1.0506071947073787,1.304850803406248,1.1041860666396006,1.0907050159903808,1.0211186663714484,1.1384515283629073,0.9716969496694507,1.2702189123192993,1.3393789179361364,1.1635979484698344,0.7597204125167241,1.1377267033826501,1.1238247770273961,1.270201641150048,1.5682784876788955,1.2550392637807033,1.3299910116995002
0.66666,1.1755002363084406,1.4936371729027011,1.3814546806639334,1.2044904789719446,1.2238355847958289,1.233791733972321,1.3195587398293485,0.9905303224147061,0.8994229469341881,1.360886228545218,0.8974801808669775,1.0704057579081463,0.9460535546169115,1.1756864051881555,1.2881893767846986,1.3556373427569652,1.2704060878079608,1.3968897345867235,1.1389562449632522,1.110280168171765,1.3751738757916874,1.5437939304917956,1.3216172363553036,1.2652056010370805,1.1535404965630294,1.2136736681274922,1.185235491800746,1.2942454178250078,1.28136971971813,1.0828542553513922
0.66666,1.1238094317996148,1.1546038493432917,1.0699435982716319,1.2790727920686742,1.0627391008094484,0.8790391222366989,0.9727840081115788,1.0745325692784502,1.3673417176280975,1.2044834006963419,1.1025966103001956,1.1386398825867154,1.2647918413998853,1.0141813485532383,1.2246000590470119,1.2454255614502967,1.1661467630069249,0.9778785744841105,1.2083628175636734,1.2474048117503724,1.592271907798167,1.490189902267896,1.3457136052636205,1.0979720833245739,1.196768780093833,1.4902395839551412,1.1221954663367573,1.078208166235231,0.8864399592746002,1.0705152138891765
0.44444,1.0658922295902973,0.7990936990950348,0.8113343812705953,0.6964790842597819,0.7788251438193473,0.8790753756603699,0.975355984056268,1.1587804338251535,1.0961981880815512,0.9008731773782042,0.9500925233357744,1.300512563585227,0.8438790443912869,0.9900829825117174,0.9450386827131193,0.9114491078589791,1.028250641343018,0.7998079857664727,1.0092718222865509,1.2033353273660672,0.9502072352702085,0.8827450399684438,1.0629967158774543,0.8888867096965143,1.0595312443398002,1.2430611095783712,1.1320864110619562,0.8663701610526766,0.8292448539679864,1.0146954701583706
0.44444,1.190754795357625,0.8597857109371354,0.6658338197569098,0.9658862923015681,1.190194680427871,1.04412297834209,0.9405205079767898,0.9302371390159593,0.8586619951380942,0.9060975283609507,0.7666208665604033,0.9602109248692404,0.9444561356688252,1.044560861521701,0.8273750055258378,1.1646388959841318,0.948575669728737,0.8531254565629804,0.7787008455862287,0.7921736775024844,0.7945355152361062,0.9743639997402734,0.9852004124597918,1.0330925106931674,0.9117576314133725,1.1426345047979274,0.9765092082102428,1.095200843894385,0.7726878088927691,1.1581048850037083
0.44444,1.0632235789065212,1.0162258210502682,0.8183017818957862,0.8151447097066141,0.7990622608969593,0.9081360941276322,1.1243054847768104,0.8905197585721834,1.0685813666463038,1.1115147772382514,1.165788710054189,1.1093253329420507,0.9836663817269533,1.0715881014278856,0.9127689409779103,1.1507509272366647,0.878896104246134,0.8458982815303737,0.9159199853334146,1.0871376158678847,0.8577539368608397,0.8671567917988331,0.8829195798262742,0.905227663912123,1.171565988909035,0.9432600168440625,1.162424131378976,1.10175715236389,1.162748661878373,1.1581433452303689
0.44444,0.9893771169090793,1.2811330994048298,1.0668253655746989,0.8779958248688712,0.8778971451732783,1.2311115579895753,1.1310849067196413,1.3073112869423502,0.798369217027406,0.8303639988240009,0.9979271014572793,1.1794902692706273,1.0588788187286022,0.9974353752109524,0.8494107955213452,1.1564188432429572,1.175522161489087,0.9931609426428359,0.9030809450886703,0.8189781926885356,1.311345608936399,0.9950235881861234,0.9006468984104213,0.7694768829421844,1.148508626907604,0.9906301342481673,1.0755872275881755,1.0765354466245731,0.7799348645606864,1.0165054206542685
0.44444,0.8439901723769214,1.0044707741063823,1.1586620109976355,1.1481292961673566,1.022295686389462,1.168242594176008,1.0071908611642133,0.9765077861461414,1.077583640020816,0.9587517101778821,0.6940582781822503,1.0168482782976864,0.995196433222999,1.023160205918854,0.95707585688346,1.1841960082185468,0.9781989448161325,1.2256187333191733,0.9981710627835775,1.2043065416477243,1.149057667670017,1.035051446023904,1.0190647992199162,1.5326395634779668,1.1237624369288717,0.8541505722800301,0.8129282520349508,0.9005554726727792,1.5851311372983643,0.9969085881769122
0.44444,1.3477826269264088,1.0092113133043472,0.8595597369925138,0.8858516203950406,0.9271406315834219,0.8152439937332403,0.992368124093998,1.277917634313967,1.0693328759248002,0.9704416069212385,0.9165893599370123,0.9936896301868946,0.9360187174146096,0.8589129711595478,0.9050184161947926,0.8549751894529735,0.9733567231431375,1.020564376006892,0.9519050587076007,0.8060270229922525,0.910353559416429,0.9755507770596334,0.9091374888005268,1.3143720184779273,1.124588264001483,1.206847143037384,0.9905860936408645,1.1711666627080235,0.9020074912520717,0.8585749405372433
0.44444,0.964178255110109,0.9548320234789268,1.0589920936782036,0.9392200974494714,0.8379243433332059,1.1127077403501304,1.138764325513948,1.147798555760813,0.7501770146016183,1.0860241924292917,0.9361161157439424,0.9423084423328022,0.9568839289662038,0.9433686314856446,0.9117983652385246,1.0614244423680204,0.8447686119372756,0.7567256367523165,0.986418034106937,0.9523782719410292,0.8715000640032101,1.0928083676095108,1.300174253644204,1.260276510981601,0.9570315879321272,1.0341404359668382,0.9401041210408723,0.8946571100122465,0.7211392079115454,0.7777779636124327
0.44444,1.0505414386847436,0.8611752864114661,1.0129967217751545,1.0338340084849025,0.924503348772466,1.0304678298668517,1.014080634028694,1.05041478443661,0.9575456895110114,1.0283380846413512,0.9607340776860626,0.9273697762035881,1.0862191144586706,1.0298571799232181,0.8760119105433902,1.080177769114065,0.9502317995030777,0.7349804012823482,0.7868543479518574,1.0152895221589098,0.9277948424480718,0.8543736039128198,0.9014936296660192,0.8047270378673517,0.9732093789889651,0.8687482623843874,0.9292380756201823,0.8828365345173506,1.007227506992834,1.0223098120613794
0.44444,0.8788655901993925,1.1167879410663952,0.9194778466799237,0.7257385008924637,1.0141221119325101,1.1593239082233806,1.0250436392368487,0.7957732188162467,0.8520775472209893,0.9335087624361936,0.9356572968677106,1.0704408874188467,0.799725590050643,1.0139097185420156,1.0169916751437122,1.0712177394124096,0.8209255414151969,0.7768693607312852,1.1732580999171645,1.325655815601487,0.8883557755049806,0.827943862440189,1.25658087428094,1.0749558284486822,1.0208712527460009,1.0668082142356694,0.862030732579525,1.069219440740176,1.1092794683079037,1.0946569086898241
0.44444,1.0187653012219524,1.0300787530647657,1.2313740430772775,0.9222997508366982,1.3705152685502437,0.9083387990012863,0.7535604411005828,0.841841830390352,0.7683048345282322,0.8552411756072532,0.9228942649374983,0.817415831302937,0.8363089806712855,0.9276368099785317,1.0108139485279166,1.1933579721786234,0.871632300538047,1.0631249964577323,0.8572078376149705,0.8930000066615266,1.103487417380804,1.0376634961997044,1.0193496035030565,0.8131687279461948,0.9598662811669768,1.298737443158058,1.0017445816358288,1.0567596557903738,0.8431626217117569,0.851339563716843
0.44444,1.0945086861838194,1.1626136675274563,0.8158747102152181,0.8977493903701327,1.3618907180485595,0.9909905249434277,0.7682307368290847,1.1419195621864522,1.1171556669584057,0.8995264015598219,0.9844845258482733,1.057607273596501,0.7800005930079228,0.8968952313210293,0.6914774969053333,0.9488336144203299,0.8681911339234419,1.027975919861205,1.053529958544109,1.0670094628071682,0.9263493534185523,1.0944161121664273,1.176839308565985,0.9611804505380966,0.8212365386019393,1.1448114202366204,0.9294130044002924,0.7436652487048282,1.3455451079376535,0.9278018609307709
0.44444,1.0003506696433389,0.9726230885381638,0.9329762732667479,0.9696463051091546,1.1977721563791186,1.2233427139092983,1.1323626985883917,1.173005011298353,1.0682239030189067,0.9876743452072684,1.2269615295815999,1.0157012388103386,1.2643010907830265,1.0186814557103696,0.8088160451075309,0.8708490214174728,0.8757242141105512,1.1571847315560213,1.0500152393950948,1.081918425860855,0.9662323978595098,0.9855859101982108,1.001085223943957,0.912767456201388,0.9344144685639587,0.8199880877331482,1.063489368145585,1.0273845701839124,0.9893603448339757,0.8774984794331049
0.44444,1.0120115736231334,0.7612620463797363,0.9142252205843884,1.0292962033021609,1.2168340366421966,1.1042825502460591,1.1061180031336724,0.9583358850115286,0.8875754933390175,0.8522322221182284,1.0791706889450534,1.0974702419728817,1.0198940684728726,0.8023810395645352,1.0999724326070779,1.0624190099581927,1.1054877916845205,1.1237850907567872,1.0316210500501866,0.9538091906631571,0.7967308909025953,1.0500616378594205,1.0744239280239798,1.3123431970683663,1.0227649435761896,1.0221529024261733,1.128586132874404,0.9401988506439796,1.0202411458306302,1.1270957695114063
0.44444,1.0832540822299286,1.0464031930887054,1.1716002116036197,1.2300411976182926,0.7716389846808756,0.8249271304504269,0.9437039454163608,1.162328055456795,1.0820723092677882,0.9249802582516493,1.0591874908002241,0.9261326832080969,0.8296545770874177,0.9418017770180754,0.7317648733165055,1.0731657488202524,0.9920613162485701,1.0921832024890015,1.1362897496138096,1.000659467671955,0.8888936240022776,0.9786205490846445,1.0732697406065599,0.8587663840505358,1.0505150009372626,1.0768123171448338,1.1685295672893,0.9273931993327963,0.9451915116691179,0.9171088291286981
0.44444,0.9073194887680535,0.8571868741262548,0.9699301327185051,1.0038927013062537,0.8652711902659793,0.9757007669382036,0.848849412243303,1.1708729542655054,1.33863763216992,1.1156400125191723,1.2286950824518377,0.9124448896724295,0.8514279671128643,0.7975214087887895,0.7519286638937025,0.9223204871178498,0.8986908611853204,1.0190785380934524,1.060872447440805,0.9924912899727173,0.9904028325375265,1.3532681060519125,1.1116730669448152,1.0078745811327674,0.9355030634047699,1.1143690982315688,0.8655313312070749,1.0623605975823716,1.1645280143538483,0.802564048622486
0.44444,1.0657471587627547,1.1265132037609782,0.9374527357226652,0.7301148312631784,0.847804199325373,0.9940726598570618,0.9915290946065107,1.227333916431822,1.1892112134655295,1.501965871020422,1.073460107189343,0.9464760688259254,0.9231489630077836,0.802542304547017,0.957408105169445,1.1431527304781823,1.0205268834576449,1.06195928994729,0.9368352974924161,1.1395282571522798,1.5202388357165706,1.231831630135393,1.4711076249091946,0.8883579150760459,1.0037960264819428,0.9848897850903573,0.7199953036017346,0.7573995720435505,0.8331624354446098,0.9297491492696206
0.44444,0.9750549723514766,0.8256318001134128,0.9050571781818649,0.8703596012993999,0.9287815307629058,1.1541597858293553,0.9997452749390999,1.0328781551079271,0.9584503991345467,0.7826021291436224,0.9855315890340963,1.1535858492020483,1.1889863756341423,0.8509535876633236,1.0061600674900582,0.993047104926158,0.7914918021472725,0.9628540108448763,1.0671453231621923,1.1136610636096802,0.971266376290213,1.250602880477614,0.8770580033481972,0.9559078094990588,0.8220418871108112,0.9051455488663032,1.1637559228640315,1.2494975806574031,1.0343303580840435,0.8135230562375156
0.44444,1.192518702826499,0.8792509965373604,0.7729955829494659,1.000197574835136,0.9086489969256059,0.758243865227201,0.7441697191602606,0.8335961881947589,0.8529645416839252,0.8057468426858646,0.8189542348153602,1.074270883851639,1.0492409180297895,1.0568388615399327,0.9816316126812694,0.9659694834445797,0.8342595076421527,0.886502993827649,1.1612661782423068,0.9623730661990978,0.8438794664585055,0.7575179589855987,1.1277648305590504,1.148796249346164,0.9935843329997787,0.9167566892807697,1.1510974493591344,0.9124165285012422,0.9394660963590376,1.0133839842387167
0.44444,1.0392771547904651,0.8849398786290278,1.3194204177882494,0.9418381790494392,0.7672173511073448,0.9419350544072825,1.0097916562870697,0.7521636389348193,0.8449959631074747,1.1302789423358226,0.7440477715447575,0.9541728441767079,1.0598381676923767,1.0438114557904132,1.2222829867648533,1.3362996067435138,1.0368265509816503,1.0403201023232673,0.7969371716689515,0.8565087697658329,0.8155072203891511,0.8866094221283128,1.1694079894163423,1.2358273711232384,1.0980256745335328,1.062986177661519,1.06835687405123,0.9107355860501303,0.8418435462051226,0.9892862430679236
0.44444,1.1221833323206467,0.8721754817554136,0.8874340988150856,0.8383455577820295,0.9373200285092951,0.9793969057345622,0.8836761847473861,0.9069595705724582,0.7509221294865839,1.0006287952187582,1.1151017700627068,0.7948226776221369,0.8529665657065715,1.0872723229266414,0.830950792228139,0.8548770585304254,0.946151807701386,1.1671664520152056,0.7024125087791344,0.9204308228720723,0.9364734393930702,1.2371782024991667,0.8768625143298316,1.1547659911682449,0.9711526751106262,1.0084484216336163,1.1531742112390493,1.017530736238861,0.9128086647096612,0.9529845697324326
0.44444,1.0622031058005559,0.8307392079067056,1.1446200216893805,0.8843485626472402,1.067855174472055,0.987534006823392,1.0675870904517057,1.2364260333935417,1.3008701343425193,0.7642284871187706,1.0202900210744745,1.169705821240062,1.2288345078399399,1.101470167486405,1.0349803731936071,0.7563279320171495,0.7069011108323746,1.0091819167848286,0.935565464568318,0.7919020748743647,0.7954625449293595,1.1008124764137153,1.048198111639783,0.752874139320362,0.8960883937718034,1.0051133488164428,0.8927129065991452,0.8386365572773784,0.9104389401495339,1.1050527956833065
0.44444,0.9995373965650075,0.921873376827949,0.920870588550471,0.9958526133526552,1.1296170249356325,1.1109964169885564,0.6617390347750629,1.0395280397590843,1.034899182985907,1.0490290341564714,0.9729433850970138,1.0264525975731202,0.925959371915098,0.878874977780964,0.9587189059963871,1.2083553202012765,0.8815385218234075,0.9479234017153314,0.9684057933145623,0.8934986830436018,1.1764604069949929,1.0631643105364812,1.1854240286655953,0.8071595535761,0.971717544468847,0.9456000379227132,0.9408325385085884,1.0624774999160276,1.3823757274525983,0.8770280976605725
0.44444,0.8562012032139561,0.7487170721768495,1.1070552330668553,0.9912541386175467,1.0487593166963216,0.919254065403607,0.9211651108168564,1.0321306502703262,0.9641827010409089,1.1317280481712024,1.0352043384912164,0.9584758910433222,0.8960546156098688,0.9591828533700655,0.9603651634120227,0.9091474383677971,0.8947272833182364,0.8984431453941926,0.894187820316799,1.1894638445380739,0.8844133785688439,1.0548270163350553,1.2208891732755751,1.053302287560773,0.8218011670250595,0.9693039709752219,1.1981679421448967,0.8146675754567725,1.155814808779619,1.0089735498980468
0.44444,0.9335769037850097,1.0130894283888625,0.9874087314195754,0.978710713037401,1.0274937061185885,0.9396787668849215,0.7439016139847227,1.0764646605247323,0.9171147350638819,1.3215275683604544,1.0468740509373247,1.0604254286324801,0.644949500999221,0.7931412171413565,0.9704736061901004,0.8936385183420706,1.1866377570248012,1.273172199618705,1.0103437987571904,0.7958845430218587,0.8013330703591992,1.0111565691350868,0.9307922925357508,1.0837679115484555,1.0189609801852886,0.9032533803338627,1.0790529508305482,1.0761033570775884,1.133265480326325,1.3833623979931216
0.44444,0.8722269536567647,1.0369763370711362,1.1163315590213394,0.986169420155452,1.1643047413819636,0.7757523492570184,0.8663640500737954,0.911981512636364,1.293833214235842,0.9704798498721946,1.1112794139470314,0.6981269338971917,1.0787742906614237,0.9957230701786515,0.9144807367397124,0.8517988117806324,1.2666655835887426,0.8689874547765091,0.8633189033505063,1.0891543841669558,1.1511756080371136,0.821734332035194,0.976051497885859,0.7699735070415816,1.0980443874838677,0.9970634730633141,1.0413811747265957,1.0966823058365154,1.141564134440139,1.2531958562558099
0.44444,0.9563191418249892,0.8341507608724547,0.8300974699285074,0.9954081368753823,0.933436903798574,0.894499343945109,1.0842433286505808,0.9983021975012889,0.75227728446033,0.9481260393143967,0.9807276938605733,0.8867170552737448,1.0288681971933755,0.7986461774074988,0.9334810423254895,0.9560199374112047,0.9535080257067762,0.9289103643278918,1.4031780839656098,0.9280691999650016,1.129390760321859,1.0454122133992494,0.8695751129767498,0.8837166859858248,0.9226653909062212,0.9274584583977883,1.2832170278503052,1.2889135404674912,1.0011655605457972,0.9428653313163621
0.44444,0.9523273117933411,1.1864371453678202,1.263469200194282,1.0323065476768876,1.0109427700166578,1.0199832270442502,1.0363485232851095,0.8611535859986563,1.015065393452818,1.208627062395943,0.9535608957005792,0.8485971714071181,0.9107476773101869,0.6154868486550125,0.8985418295185355,1.1339825385837137,1.3171555413901697,0.7424577388320476,1.1837458368387366,0.9181903478205453,0.8985493363212627,0.8263258986866759,0.6451230063687126,0.8999867180385048,1.1375216776232273,0.8812211123840179,0.9355155142513792,0.9702762683336631,1.0755713341894941,1.063813396914037
0.44444,0.9450688275983683,0.8288164404541558,0.8744531592133068,0.8458471909026746,1.1429989916333092,0.8039252161097102,1.1201926559262443,1.3412742592758464,1.265049345097634,1.0638170932467506,1.0119890645142322,0.774859436222661,0.9720182015351997,0.8872214992240547,0.9482255479577943,0.93704417237938,0.7708916644381167,0.8374570241279212,0.8529279571765167,0.8512068966401675,0.8943197841671664,0.8801708928974744,0.9594684749725217,0.815628869751552,1.0565151999957234,0.9415533664531053,1.0666800292994238,1.184898199548264,0.7318086748721949,1.110355157452946
0.11111,0.5429090989744066,0.6298898087485593,0.7982957909991544,0.8084600944578116,0.7183745771714285,1.0320382790909146,0.7196232102081241,0.6418777133646806,0.556432330681401,0.8180996295285002,0.8963505826264725,0.7600848268241963,0.6753371173453973,0.7500083125465302,0.7151626687273698,0.7465700187677573,0.8388928242232959,0.9021991452606591,0.7872615503192505,0.6730086982059384,0.7298150194275471,0.8559049264761659,0.6770192025118161,0.8413759096835348,0.8356965967381618,0.7417153942753834,0.9659636218677289,0.6677063695140455,0.9523782318894503,1.073885447966395
0.11111,0.8846072690176007,0.9639782332952396,0.7950484358350972,0.85594635008713,0.9340134926300745,0.7793456458254914,0.7592113352426663,0.7282475462774645,0.7281924377815777,0.7037778006395268,0.6591746511102665,0.5873796688713119,0.6531340324699764,0.6582422340719156,0.6095301984897092,0.6629193727458531,0.8009222081547065,0.9152617905516928,0.8145761005442431,0.6920802812561604,0.6412553590848128,0.8312548278286954,0.7133886522771024,0.6800182305412144,0.6591633520108848,0.8160286231785289,1.3209318120378044,0.7630746430030131,0.709172383999485,0.6381438812243778
0.11111,0.795835381539327,0.668263910535782,0.7334833263162224,0.7010877089319797,0.6593766076953258,0.5952021892596089,0.71884957228732,0.8089524368949114,0.62931569655351,0.8069272429660836,0.7327340199409851,0.825411221582523,0.7720289780187296,0.9566938139061293,0.8851877065069834,0.8716236621308925,0.8212501816798116,0.8528627808619142,0.8575283526908136,0.7401481439307426,0.8605073463554992,0.8220068477006643,0.7402553691832204,0.6520654010537675,0.671976821871573,0.5244382658340598,0.7893231232989976,0.8564634672422785,0.7431254056978857,0.6111404881938808
0.11111,0.648522829816419,0.6547034144106667,0.5371878473476025,0.7131571862945411,0.7541440814791414,0.6244794205391664,0.625158128973216,0.818872575264773,0.6907884765197779,0.6886879744855728,0.8245294164567445,0.8621970933935528,0.9435333209370547,0.7640798617693683,0.6451659055577831,0.6943313875028213,0.6810635736468644,0.9655298627822634,0.8805203172243872,0.7839900301996372,0.7030294499848152,0.6689059596286614,0.5647070369611077,0.8029320884468621,0.761259283973544,0.7155957165996076,0.581667437199456,0.6441665167791746,0.6996312700359575,0.601907418034338
0.11111,0.6515663346004235,0.6494230446559839,0.738983783691935,0.6669649708724226,0.7309975727642126,0.8481573194822136,0.8209882140458806,0.6791071580913993,0.8873140519135257,0.82027750409938,0.9207361320948966,0.6103814604102007,0.6527723970340652,0.8217109220995092,0.717044110298303,0.8013233807942828,0.5439295851167513,0.6420933888026435,0.6907424938549424,0.8703382591043562,0.6370736496998425,0.7852815317079087,0.7620134512500799,0.8721358860959575,0.979533836431958,0.7474474437344252,0.6820059373186605,0.6104770659941842,0.673789730749378,0.6336312464235098
0.11111,0.8589861200480629,0.8928475171415851,0.7481464450200173,0.9200730211989516,1.0552770326346461,0.5644174385145858,0.6770691952554903,0.6466580482735643,0.7893731227123769,0.6492452773685673,0.684386860291041,0.7866690624105469,0.7519284730010027,0.6534400202931406,0.5556241450832248,0.5687060726950168,0.7249460980731657,0.8956077547355603,0.7252145178512757,0.9795062770457988,0.7907087738992832,0.6456948273762382,0.5329403185136599,0.5693879487426374,0.8357671925450033,0.7359038526118095,0.7205269873324095,0.6582345075672099,0.551423486030699,0.9349569788510834
0.11111,0.6553035064389789,0.710362712546931,0.6519824626200854,0.5370524333889426,0.7989975332278176,0.7525898318939385,0.677207036970025,0.7154541209880125,0.7315131566365114,0.5803840621381836,0.672303952952614,1.006338754575941,0.7980580901904163,0.6993521673470324,1.0180792227634383,0.7715252914299016,0.8681328551056536,1.0606656340659468,0.6861047839233833,0.7808464759308676,0.7294813138803514,0.7426044988968796,0.744704734740654,0.9236618312342588,0.7072437417890901,0.6668869325449056,0.8067531352177928,0.6765819594434068,0.8046892984717559,0.576062512759603
0.11111,0.7412431402487658,0.7469255100094918,0.6960681520212324,0.6781522410724762,0.9654541008224661,0.5489922401454217,0.8757190748607286,0.8813552774877917,0.6483509057420619,0.6360296157707751,0.696901724014816,0.6873801124785238,0.7055329419694669,0.7918660371349519,0.797450561121786,0.6896255943004865,0.5466187216085768,0.6470659712919243,0.7293554358697565,0.6408547135655126,0.6432976404367877,0.6062627682002244,0.8212180876230472,0.7932347346094247,0.7471956178249305,0.7869700733944932,0.9333720962654559,0.7388034357204968,0.8370159267960943,0.903863191987066
0.11111,0.6271016623985654,0.7300525939000226,0.6279905813227816,0.8039921973853563,0.7405945594465541,0.7544078954944369,0.9425303238793118,0.6988485071399503,0.9122589897376723,0.7966505305585456,0.8273044920707582,0.9201331050623495,0.8577384376781089,1.0730193395191123,0.7805239495057642,0.8524961779330515,0.8448361127768049,0.9197875678307268,0.8268253786775772,0.6886595411179731,0.7907401041267185,0.623323222194332,0.6656653592639906,0.7057369126144856,0.6341993214461389,0.7472245476362683,0.6162988034866296,0.8164300321451133,0.7310270686553557,0.9166271079859786
0.11111,0.744846025313224,0.6302096826422444,0.6718222288000129,0.7934979013108872,0.7488509982140421,0.7721948065421461,0.8837496551084982,0.6557613911036904,0.8158078503982321,0.7484738674409949,0.7711842250616704,0.7684273246118406,0.7735187108165094,0.7542099854284988,0.9395551968315031,0.7568951345901189,0.6279718245596596,0.7401580013747123,0.8946089024874494,0.9654218636554369,0.6904250430809565,0.831955731595232,0.7549532912393413,0.8990860183383474,0.8890364501693978,0.5518455884927648,0.7223470850490257,0.8183767810874886,0.7310698250149334,0.7185055578584734
0.11111,0.6049098718596502,0.8183626308387985,0.7496409684783627,0.7405236684682273,0.7251517439592691,0.6449281586093029,0.5762404260871952,0.6116637247381571,0.6314033668136982,0.8820841343537112,1.002212936598292,0.708680558354475,0.8066166525482101,0.8040941550573196,0.8033891208326212,0.7583765369532748,1.0228191387318446,0.9452492429827383,0.922177013675213,0.8317356020378602,0.7915783698697153,0.8740897409783991,0.7916505490560456,1.0466982585930873,0.7421031641697173,0.7357959463245557,0.8299319160283982,0.612282290110213,0.612442085019998,0.9923104940640548
0.11111,0.8480921366956747,0.6631511405704151,0.7328304348502378,0.7138525384390795,0.6973936855807923,0.8248948064185144,0.9110074439272252,0.7688526572717058,0.8803155052370706,0.7061390441798703,0.6837432131312288,0.7891285588615113,1.0895029102889726,0.7307533647763089,0.6823968596527961,0.6695235894754182,0.6839702223638072,0.7093871921770687,1.0015661825012694,0.8539417598885495,0.8207783815119533,0.7011245389451327,0.8085515070007162,0.8948205269472552,0.761389658816857,0.8481645980160218,0.8526822323894062,0.6808490324138636,0.7063118022103861,0.6861858396724587
0.11111,0.9495524137644125,0.5175789973755551,0.7209532496585588,0.6966651220299571,0.8802334670543209,0.9525163154270373,0.8033117545634533,0.6329541876411723,0.6512117263014329,0.5712985504922762,0.7752821163567623,0.8316932927257212,0.7044385873847517,0.7073477137327506,0.7817695461179792,0.6698265621008899,0.8012306188578849,0.643095435358274,0.7515071572685894,0.638555429981321,0.6869396289837492,0.9671373613464922,0.8277727940068201,0.6398239420877263,0.6491189809371023,0.8352058393746076,0.8224982897628494,0.6509872266766834,0.8273384527200988,0.7546845594362868
0.11111,0.7048168700732862,0.4794839604486151,0.7471654837050046,0.9968916475814855,0.8502733206902499,0.7723625725692432,0.7103498057979803,0.8742724019748859,0.6012970948960725,1.0858606178107453,0.7449576691296216,0.5685174887500449,0.717174347493642,1.0698550871590173,0.7624583999545821,0.8207331899134196,0.7521846853594218,0.6951098677709238,0.860015119568249,1.0371328531029804,0.7563884902633743,0.6578963898294204,0.7416938910218995,0.7682156781287379,0.7260037969950001,0.6808804661075367,0.86069326887622,0.9323675910188743,0.8983670644105252,0.8369723674044689
0.11111,1.0586895035842439,0.7095650987776835,0.7296257983584883,0.6502590180268961,0.7718087713561207,0.8447452982312038,0.9228280252077519,0.6596402047274126,0.7181071440521133,0.684019568234437,0.7596297084223429,0.6003010059802055,0.6325839325643331,0.8394937762307636,0.8546150659970666,0.6297211584485136,0.8602345128127882,0.7792355290109685,0.6261297551688643,0.6570572804638934,0.7438591294191365,0.5828251640176729,0.716436166434407,0.6767748527436438,0.7006440281524939,0.6901532985407234,0.9793976800097256,0.6974566799813955,0.639641903428298,0.5544920079279543
0.11111,0.6777816717404517,0.864567880636635,0.7258904302608657,0.8484491821592886,0.8383741740242984,0.5938730810595303,0.7483406918476173,0.8923810530209229,0.6128276045601221,0.5730022417838713,0.6710107507728976,0.8421193678768812,0.7970966997204513,0.807064144970187,0.5768081448700889,0.7470263559569595,0.6231796649176155,0.6413301975833265,0.5651876949522323,0.6739392017567537,0.8887088340899693,0.7131174670308007,0.8390004914092843,0.730497749033036,0.5672071681368674,0.6840381998312057,0.7430363653640378,0.7802831432332601,0.6618851434257166,0.7276395200783415
0.11111,0.9564805037663329,1.1452848789846608,0.8641263153763732,0.6018630894969753,0.7148014103368637,0.4761408009811797,0.5109625912013352,0.5930006623049083,0.8534231811793229,0.6301058595704845,0.8379009927641291,0.7850119065969043,0.7499329827951525,0.5816791265677034,0.6359754463619873,0.8337695217496787,1.055797285313995,0.8780371675379836,0.7684491664414428,0.557472400062199,0.644814086071078,0.8406302929271894,0.9714537406165943,0.7120381137715117,0.7582143019918154,0.8124409663659526,0.890516964183171,0.8247438018646803,0.7176460730419123,0.7279221912543362
0.11111,0.7171574777581726,0.7075843344112986,0.9146247911524591,0.8464442742510678,0.7421471520252623,0.6968226729556418,0.7405017285801971,0.8802249007104367,0.7878994575033154,1.0516297102730447,0.9684251211477246,0.7896151382558357,0.8673372540721433,0.5420443136540898,0.7427660597448745,0.9545021021735272,0.752506794681065,0.6028115245591873,0.815192753626666,0.817956765664374,0.793120391530443,0.696520718630089,0.8407005211807532,0.5973590436271072,0.7985735357988265,0.6934323933843539,0.7222893680479334,0.8834242311896061,1.2185777021870936,0.8143144357291708
0.11111,0.7339839616865589,0.6419149880765589,0.6065719978027246,0.7031310210234317,0.7472532395122298,0.9989822819452071,0.6676135130780254,0.8972206241457797,0.7883747159734685,0.6566577191112363,0.5998519946131231,0.6708748487140589,0.8214578071039425,0.9121585959824708,0.75581125443491,0.47883338602643694,0.5315730481753128,0.8161692347184605,0.9110679139518955,0.47922748894887457,0.6728401930266885,0.7954985987765971,0.7169382491167235,0.727000781646324,0.8798308867422537,0.927156090689324,0.699086616753383,0.8387187419017499,0.7624325536729317,0.7728760161222948
0.11111,0.7526755065326078,0.7868094241166812,0.6548511144328553,0.6718112301523168,0.524677742014953,0.6686197748422775,0.6726923970896072,0.8752235695449918,0.6414097693545505,0.7695541004760171,0.7035648476240751,0.7453131174562806,0.7504478586179208,0.6858482739396264,0.7992069698153694,0.8229588426487803,0.6624390031570053,0.7563514225077271,0.7591335743002917,0.7098703080111535,0.8293285643683276,0.6458045083642829,0.8507930820256563,0.7324717124143987,0.5712409564828146,0.9505024925187864,0.8543595021891676,0.8670769915601222,0.8952509220300037,0.7800585499325705
0.11111,0.8616287692950941,1.0132026929966524,0.6824447500905422,0.7070825971135937,0.9298564463262443,0.6512148904850579,0.7668169488983084,0.7645334881953629,0.82658721226931,0.7714935955028975,0.7765005240011721,0.5484166107722573,0.7315485764964641,0.8570323079806745,0.6591130858418266,0.7776751638538341,0.7429574241972937,0.7620637791242898,0.798521455952285,0.8361393670875894,0.6401994765726863,0.8052932352877358,0.7597333885396981,0.816974144740373,0.7387049614392059,0.8919423237262784,0.7575376807164262,0.8770606662735008,0.63117871839346,0.7932925719903534
0.11111,0.5783009824582969,0.557697310990323,0.7026406291558341,0.6987157873058942,0.5504339748306902,0.7586467460389753,0.8326782088537644,0.7313377379034078,0.9526573101653493,0.5932861419661796,0.6067788548353613,0.78169484291473,0.8260743820786636,0.5657876041720629,0.48843805627526443,0.8330989469233658,0.7846931036678667,0.6874472917298129,0.6658540324077006,0.6406969159351457,0.6895665553429279,1.01155754716795,0.7434708413027212,0.8212456685561244,0.8544152882491796,0.6529306032259303,0.6722697276068076,0.7658366648051675,0.9044198364136137,0.7528639887128983
0.11111,0.9641235619836135,0.7312755662991562,0.629134953832238,1.0322379019320314,0.7475504583632258,0.8364315255763825,0.8556704303418446,0.8241025540451855,0.8185182902244581,0.7054345745255508,0.6939804422833754,0.8064198835941264,0.6100788070338069,0.7407540626933081,0.5810821451398899,0.8371653370569563,0.8959970874503548,0.6576604346333123,0.7025458753330038,0.6697837995420292,0.5923428128820087,0.6292199836376805,0.7473266867781416,0.6130490175610599,0.6860009183238955,0.8963265868472938,0.9238920223044589,0.8838720511616138,0.7192888210639627,0.7772443676426479
0.11111,0.6923298812447637,0.6115823141058676,0.693267472544848,0.6917961342420821,0.736516599875643,0.8935372546024527,0.7105467632244452,0.6846696726822395,0.6614964561226515,0.9281902187384293,0.858138732305835,0.7039330115901874,0.7467067916817094,0.6301828901796918,0.6955976724048736,0.7567466373412511,0.6935787926718369,0.863378713394448,0.8609450710299951,0.9732157467964615,0.8035650464631223,0.7013338982089039,0.6175671527423203,0.7278622879200841,0.7806472357712975,0.6870777739847463,0.8176791842060006,0.6787072027639175,0.6916853203893825,0.7412362077805366
0.11111,0.8169209025957438,0.740545026584066,0.6462909692773409,0.643124177221027,0.9007977370763143,0.8008784049620554,0.6910830315179912,0.6354329733157034,0.7904373397155513,0.6380799620015722,0.6985005038833536,0.8444941365207485,0.9470536410107437,0.719124089743071,0.7667835729544917,0.7662200935188221,0.7400914751687463,0.7068997889918497,0.7752987710699935,1.0196155010219736,0.8394514501790024,0.7891818692770852,1.0630468660656867,0.7165804439885367,0.48256306915131103,0.8670582393049601,0.8888838018065061,0.8776264960449749,0.7959386681444891,0.7839549348334421
0.11111,0.776823634829834,0.46052762642979617,0.6135699951307019,0.8505988500359766,0.9030732609023292,0.6623088286408562,0.662206928994882,0.7516230365404909,0.7486514395103385,1.1105365419215405,0.906490918450505,0.5929517721811192,0.7352343563546612,0.7174994853930776,0.6625771306452946,0.7841830805330031,0.7265524180746428,0.8074594018230893,0.8472352623536765,0.6959068678541548,0.8574105178850465,0.6611430730136749,0.8374896444975625,0.7863828296737343,0.7017629437237741,0.9470196109713124,0.6781819982896472,0.616584609706575,0.8318798207106695,0.7826941966119557
0.11111,0.748731809502013,0.7814344032944852,0.7878370285810286,0.6929363091946874,0.8517926044677492,0.7417700809068094,0.9859916706294463,0.6016161569318486,0.8746908963029192,0.7519410891321752,0.5916595827188292,0.8468224859370065,0.7183073217509469,0.7147684530190686,0.6586304689649672,0.6240664051322286,0.7876588051188925,0.7802449207883363,0.7511878623458409,0.8910182285811139,0.7236926539804471,0.989363607169552,0.7038107392431462,0.7954392344143639,0.9129972449422071,0.7244163571041969,0.6816339070576801,0.5878130280247517,0.7747319066602206,0.7451336851026107
0.11111,0.7374333294473939,0.5954813355180012,0.5326941747763404,0.6506800972089288,0.5677513638514532,0.7965000980003513,0.8878103769391391,0.8155839102656007,0.7059502394682408,0.9574013409079127,0.8691832675750644,0.6352877651016448,0.9300590289929965,0.8406125364278337,0.9280979074837001,0.7437649664736233,0.6803421054129113,0.7759469205122993,0.7040356407233798,0.6380304160919401,0.5616988361143946,0.713801000065165,0.622431857564266,0.6007162829508861,0.8317844071851528,0.5974932740040446,0.45827367148127035,0.8143104208110554,0.9783360099598682,0.9493793863891975
0.66666,0.9713425797116718,1.0009111809662625,1.11132501331754,1.832895259112495,1.1533729951322071,1.4971169740236279,1.1815811333832322,0.827180051214541,0.7754925221201978,1.1139402073349598,1.305315559191195,1.0697603233751207,0.9683783265668615,1.1257075436274246,1.0754012343744428,1.318529143435963,1.1880633630485526,1.1363982482142072,1.4019006317734564,1.235159066104237,1.2329205562031882,1.3570068324719369,1.0510155743385927,1.057090522543861,1.0130622080958038,1.26234115529962,1.9199314040349669,1.0948013109273849,2.039602652742641,0.9242803543965622
0.66666,1.2268089091923995,1.3732578655032353,1.2208648572784246,1.5398688245803827,1.1638031187446225,1.085554499182888,0.9383543725583849,1.1144330172769183,1.2665624090484175,1.3754462371822547,1.3614151748361947,1.3233291118754307,1.393074921743537,1.0618650333413435,1.1505520586567377,1.2751126240823358,1.1704550092684978,1.1203557384759602,1.4118773131657067,1.2113366776888355,1.1009187064600479,0.9785877306292718,1.1300468012103293,1.0956275582163522,0.9799087164340706,1.183148579025308,1.4586051798788648,1.394388071873276,1.7829247023568924,1.3567614612423884
0.66666,1.315578234965067,1.1456210446407555,1.31227940147451,1.9927879591798365,1.517853523184479,1.2481687528711776,1.0647470892253068,1.0825770167816962,1.3835685809002483,1.2982793382581403,1.4548794220350099,1.2312989766111069,1.0334876176090015,0.9967744132851026,1.226742030051801,1.143574214949595,1.343443997445863,1.5578712998753677,1.206243570172837,1.0888188841732096,1.3974114671816127,1.094065878862921,1.1387634673289169,1.0675640780386262,1.091037108252877,1.146472911423997,1.2381701425304825,1.4232755905741152,1.2913429291344443,1.81555445291313
0.66666,1.022119129548821,1.106715545640636,1.280212068013982,1.2689879871095242,1.0901085729547126,1.3260594990096908,1.0525057963994229,1.0853083670310864,1.3138700791265936,0.813991031971005,0.9451330653925673,1.0573842945457326,1.0726710988350545,1.2950065862421367,1.3347231277241507,0.9725847103436442,1.1730222254333864,1.0457073862836979,0.9538557716326415,0.9677072232853662,1.0349857053749916,1.1195437333990381,1.253602115153081,1.1271320531013194,1.2415478459497082,1.0233706097495403,1.0803199747620216,1.1615029834326975,1.2026184403038556,1.4433784995791494
0.66666,1.0361650346027675,1.1236390511619674,1.3175732588821434,1.2973751743864388,1.154932871573077,1.0798083560325626,0.9597902987973624,1.1720177910234244,1.3692431051533773,1.179072471007033,1.2782222911460501,1.2242273828966486,1.4822427143563681,1.22866292625073,1.3689370770726852,0.888531040619558,1.304767998678268,0.8546866063530161,0.9603097415095219,1.1614246260465506,1.136836113373322,1.003266513942477,1.1041214521489249,1.2114917722639054,1.2059130546193355,1.1419860276867344,1.40838261955494,1.3647830287462719,1.4611593959544869,1.4081463833814485
0.66666,1.7801992011393946,1.2304061181753223,1.0424990508766363,0.9282519317606718,1.0002218636464644,1.1475227147952614,1.2093227984610022,1.125002776562092,1.2872197744899583,1.511026278415235,1.1435296035736189,1.125333542059026,1.0229643368897565,1.1975641506388826,1.49820391220624,1.4319451020084373,0.9175627305756278,1.0756754393314,0.9571579987147332,1.0432302663309603,1.2710222627072523,1.2656721228242647,1.082453914133799,1.2232264386309462,0.9886166704077972,0.8769213814581586,0.8419873402183203,1.1943485207361453,1.263850021405536,1.6302171089191815
0.66666,1.0703843905624963,1.0677379718996611,1.184092522763313,1.5233175915678294,1.0786569518733378,1.232688576767076,1.1012666856317483,1.233891678225863,1.2013148694844529,1.2924803641563214,1.1333579102069868,0.8253431050896867,0.965086044024995,1.2507502850868177,1.1327704488521466,1.1826259136732549,1.1468986183981336,1.1163121308062753,1.2974231864171015,1.1975242494713954,1.415536424214386,1.2400055987946692,1.1046559388538495,0.9382442490462872,1.00517083435787,1.1240509580130305,1.3877836045295684,1.2057811159394463,1.195451504134515,1.2558898907486011
0.66666,0.9408585756000544,1.2092306743195553,1.2642010154378274,1.2237684305188297,1.2878461288509053,1.4376818062981271,1.6364994224880154,1.1122677365446223,1.0762788630074638,1.5768805476505132,0.9734825945487389,1.4421664780008825,1.347767951243034,1.3453914895931602,1.5070482213676335,1.366131030913631,1.235583221641088,1.3893133604591843,1.1126459778791746,1.1461657887369303,0.996166259477865,0.8854846852413952,1.0727766873342615,0.7979795305717636,1.2600388862610707,0.9162433431405825,1.0987856964251497,1.3087596328088718,1.1123524376524672,1.1622255841233333
0.66666,1.5057509611906594,1.07754584289844,1.1321467284930544,1.1919129792845236,0.9289952530640688,0.9717096116741065,1.5682842663899883,1.532468033986774,1.0353731729170421,1.2381775333896472,0.9610882977366972,1.5273714987757807,1.1783085218626854,1.1599527190571488,1.0025803385375258,1.2590193895341228,1.0770133517371512,1.1674477053575423,1.0744762752122188,1.242776747760855,1.1639502750429587,1.3000263504409901,1.5364876866574013,0.9974873649113992,1.3496344804672447,1.5120304181920006,1.5006565434713366,1.0061938208714647,1.0708763869220903,1.3737025599249628
0.66666,1.521750775889018,1.8236856257734475,1.2601548420552777,1.0294309653738383,1.3598772531476362,1.3276612702220885,1.0801529227153326,1.340936792890832,1.2738617155257341,1.4185355311469463,1.0623635121405504,1.007127007522787,1.1827206470242873,1.2962800744929903,1.2511911491102128,0.8988427236663129,1.2949221886816789,1.4111319229140895,1.0611566185324435,1.1435790401769221,1.2339355851378715,1.370724020434015,1.5208851551022011,1.3666319297496174,1.496163697191328,1.1451140586665045,1.1114988602102855,1.064313761200713,1.3780918046819268,1.3647560538908945
0.66666,1.162522433691296,1.2070892073366208,1.013740808094052,1.282528327400234,1.3496229258113617,1.2806607840989275,1.22387949684935,1.0310289243175472,1.5326374075432456,1.4566848480108847,1.1927888748871924,1.1001283266710526,1.323842943795245,1.2468341117085229,1.2765814916306004,1.237399830344431,1.450379588782301,1.2626489986475842,1.2688264802581548,1.409423951039,1.1812599414753866,1.3294333378663958,1.2465792277741876,1.0214459941269713,0.9235123437536706,1.0387830953513502,1.285628553826402,1.0886447262053087,0.9561569695548837,1.0053283504712751
0.66666,1.1358433301405497,1.023804151643396,1.341765001574975,1.1834542388537064,1.1032991982377165,1.4294641445451917,1.3909827865313305,0.905222467274361,1.4156549462217882,1.2180944425245588,1.108771366909159,1.3679554796007314,1.3774378046545008,1.089393262315316,1.219921026674283,0.9950408099380237,1.2714060388289545,1.0832307890219655,1.0421899774327061,1.4550656478982644,1.5055842634673908,1.1481469143289325,0.837263196465008,1.2575676198807624,1.5349499514385012,1.128184719449119,1.3765472496900089,1.3707922220266586,1.166057723858633,0.9385581809615187
0.66666,1.2177425001852784,1.1570034331207772,1.397100654635168,1.2582503284974418,1.0572872473146036,1.3585418975049903,1.0808548802853266,0.916426961200697,1.1306430107612297,0.993121684166861,1.531896626833432,1.1390908697821414,1.1744569117883643,0.93259699366795,1.1853461273285884,1.6102773049370982,1.189457991670204,0.8792035157809834,1.0218830529682184,0.9645688287571479,0.9653859494434177,1.4045141305411575,0.9838620364825048,1.1804130970325986,1.4281103855649249,0.7991100956376399,1.190445576787739,1.4866902482797744,1.2445523510737726,1.0065771438601838
0.66666,1.055630744398806,1.1715841480981566,1.2153670819859512,1.5179036545757827,1.1352109088812374,1.207524072307142,1.8128170356765687,1.1406937316768528,1.2243674613320448,0.8927266835878489,1.190089746659015,1.1556315410480968,1.1964605173245262,1.1080533233367125,1.1291987446169414,1.412283966754581,1.0677639210822172,1.0640609140735557,1.0523772117502046,1.3014965255370763,1.1820489558297431,1.0271115997097793,1.1947430271824881,0.9220462230645967,1.0436525685586941,1.275960717313505,1.1529540174128026,1.1656827537412742,1.692731640199,1.4422600001426484
0.66666,1.328308908948982,1.3011880698652591,1.1932027917294907,0.9133632517871105,1.247896506689554,1.2045760775130285,1.173810224936363,1.205862516796521,1.1209498190990232,1.255888918523062,1.0371015532109544,1.060307562296774,1.965318539800071,1.3464490194414707,1.309943422114177,1.2605707161776984,1.0530810643375295,1.07863911447135,1.0832449165692368,1.0613445559945245,1.031266598673959,1.211147918286203,1.33783792526841,1.3421872700960515,1.1362977305665518,1.198373983625911,1.391958618232018,1.0414590949506337,0.9704958444195458,1.0059289941412244
0.66666,1.082123292893462,1.1634445540544256,1.1840840654996088,1.130915165273301,0.9896950375801253,1.2221831534245913,1.3206585946797413,1.223794545560362,1.0492834714804296,1.3033697990664763,1.3703050844855877,1.1734155453188884,0.9894914490190417,1.2303621437348229,1.0034814815207382,1.0848954132319157,0.902811218421389,1.519233466515117,1.111362114169093,1.06512733895374,1.1809999431570977,1.479977401658154,1.18213677922222,0.828661271936968,1.0475529743658905,1.08200433144285,1.6577990044831512,1.0859105103450575,1.283480786061161,1.3255281412970166
0.66666,1.2470204404173635,1.4074266403804188,1.5505036968189336,0.966373814806034,1.0495621418728882,1.321009339175505,1.195252171916027,0.978308324202287,1.1327541558694272,0.945540716552981,1.111415514260651,1.2170207250905427,1.348025844430384,1.0956719546054174,1.4921409088655486,1.1759806702279292,1.3104136499260102,1.0592586572821114,1.172636242733743,1.0605885183307988,0.9436015726250324,0.9698793769168249,0.9817119162063243,1.1782826957629098,0.8708014720844077,0.7919113785806838,0.9367678873400455,1.050336086894565,1.0176570135940894,0.9820829543683459
0.66666,1.4356136206576704,1.0422933784825752,1.2760238388195706,1.17178365056364,1.2119539408506,1.0318880994355868,1.0957599547089212,1.4022162546746064,1.247730234367512,0.9311789394551543,1.3064997721092269,1.2923158326283006,1.4543334162737345,1.275748573206303,0.951971851369761,1.1142111124516818,0.9173753171570755,1.2638053601484391,1.1333571926669093,1.1231906845969775,1.1734440315835004,1.424580595804762,0.8175664892447623,1.1830261385583267,1.2400481046595637,1.0823777088403526,1.089639773201961,0.8922314303467282,1.1059717386214547,0.9172012428229309
0.66666,1.1029452066015344,1.2560962829381503,1.0366920619510989,1.1948047650320597,0.916855322920484,0.9758490583806022,1.1252590584572577,1.0575187395444612,0.9216404270404346,1.0807374032810515,1.3823886227850823,0.8204894425564113,0.929855704798542,0.925071908888541,1.1081887290189085,0.990308922798963,1.2357926238374781,1.0956739440212462,1.5053020009088125,1.4151021571549391,1.1353472438930834,1.2481799335720736,1.3423369250672406,1.2071396246537132,1.4351789932163554,1.0221375640581876,1.0069272648678718,1.4610958015644206,1.3082747620329,1.3267840333787417
0.66666,0.9383182886195275,1.0678491384686035,1.1516699127730066,1.2237409157823047,1.0859184370311608,0.9984440424923483,0.8541819354050013,1.0719894525935632,0.8695160493335109,0.9533091977217614,1.4547257883777365,0.9410447987089618,1.0762420281134657,1.1421959401287662,1.4250536163691327,1.1514189890541646,1.0223487538754341,1.0619739706434677,1.332414665384657,1.008400926873456,0.9881571063955773,1.1099080395784706,1.2569455926094257,1.1240228682346216,1.3873944669802103,1.6586777939832025,1.6329726119225483,1.0109069713768797,1.0212072107503407,1.0793861995626879
0.66666,0.910817545469404,1.0291739204678256,1.177311293007581,0.9720652310395488,1.2711145034616083,0.9467677293842403,1.2567495294613407,1.0026224262465044,1.4263469936469968,1.1034753118782061,1.433707961014605,1.237318893203397,1.0585361463868395,1.3581398605224455,1.0920632898461509,0.9006438861806447,0.8791634436273718,1.0701740587664779,0.7456995978456092,0.8028085278658038,1.14464002324785,1.019386133181078,1.3283255755484544,1.3098586678329716,1.4806586640760169,1.5798028550743293,1.05076985945786,1.1092382637498253,1.1741680614433305,1.0719380086474688
0.66666,0.998472871271491,1.6009080761448407,1.15360453633649,0.8909349207819038,1.0598402145156907,1.502497911016121,1.2904460583509139,1.1703838998206026,1.4675044384125238,1.1787904832312353,1.107397905229928,1.1170439124899618,1.4658734469306687,1.284442795556684,1.784580257704795,1.4396651560207976,0.8495850481917248,1.2741683810264035,1.358387529948285,1.263815806188085,1.365744895331956,1.3666603117514795,0.9689584855931217,0.9452539991034971,1.1483402900431368,1.229148384548744,1.1225893900472956,1.0190603264045357,1.2499037738807834,0.9399973755407881
0.66666,0.919566141854193,1.2629333522198287,1.1558020335962071,1.2962194779866083,1.0969435489638768,1.2002902623401637,1.0512056548518507,1.0438951983333065,1.0681141505706504,1.1445890605628746,1.275727908704222,0.9143546459253634,1.1102979278290708,1.1769550701291358,0.9488746764120239,1.2539802362009127,1.1324914515430713,1.1542710472681703,1.2112918684656797,1.040206832181572,1.1518018144943927,0.9337549561827396,1.1365000465934607,1.186629831050462,1.7461780046921735,1.3293809575368272,0.9558694910618797,1.0528987564192314,1.226457075490051,1.3155748812997137
0.66666,1.387232919090646,1.0258030124093518,1.1986741794778055,1.2749203146626722,1.5306308564926097,1.120424265713751,1.3014572853186295,1.3703360891192318,0.9080841583969458,1.2563895007211963,1.027221563116289,1.507553420591657,1.283105348642975,1.0106687104270387,1.0034075151337711,1.2335026151449942,1.53785350912491,1.2301582803613131,1.136842088106074,1.301998895660704,1.1634580189585284,1.150069483355529,1.2238459217137743,1.0439933054468133,1.3105575664140614,1.083994351416497,1.1719979695624774,1.0587616174400005,1.0848934366466267,1.0374128695690898
0.66666,0.9547363148860042,1.1324264486281055,1.1066554069919936,1.0077938738253187,0.9358224430330586,1.045721207988105,1.439944213241521,1.0308665225516784,1.2400237871343918,1.129637338893813,1.3402100602774871,1.1348479773139768,1.16197094787187,0.9306661711564712,1.2524326277133262,1.1479352738808226,1.28960248353669,1.0220975333337396,0.9627967303959112,0.9461244626457357,1.6603269549810018,1.0615374130275292,0.9673662837825092,0.90513662144034,0.9724230449981769,1.064267594854587,1.198141987051149,1.006768252133455,1.1901100760871488,1.2952836358638598
0.66666,1.2874383763439967,1.479642097810939,1.0059035834907206,0.9168504894232673,1.3332129858630997,1.4889581264779632,1.1375510155665283,1.0827409700245414,1.193767984058782,1.346541236657893,1.1699327471465881,0.8735804988306817,1.302705554355337,1.210283579741143,1.0093062141128042,1.2527254720164167,1.162985376391872,1.3746980478015145,1.4477748840359672,1.1958733067475789,1.1041119867913274,1.269807627934626,1.3507631090245458,1.1402740715812771,1.255121240913073,0.9025551126691804,1.078953061632576,1.068933107726187,1.306765356102788,1.042380372227956
0.66666,1.0250509038831235,1.1361986702283027,1.173676872631867,1.1897879549077803,1.0621801286623296,1.163171370014371,1.364531654594806,1.4325785353848863,1.1397478325739523,1.201986743714219,0.9454132028416032,1.5979854158459552,0.9738727713315882,0.855387962971764,1.1345653760629477,1.20514360410653,0.9230434560326062,1.1450961571267382,1.4300190969619637,1.385519201454021,1.1900513535333868,1.2494022291124738,1.4674890858671945,1.4979380583258,1.0469959948545626,1.2147245844071681,1.3301526286880136,1.2280582950053647,1.1825867625416104,0.9636565178667572
0.66666,1.3664301589360912,1.265216853829485,1.2770689198236687,1.0039523081089576,1.111226759224752,1.4818928632776278,1.7041217191193019,1.8863692528356573,1.2875472120414568,1.1691651707126827,1.221880206085737,0.9714805181108936,1.0713904893076989,1.4664714944154686,1.1874508843761815,1.0279851749860471,0.8988083850316541,1.1109301043812414,1.1950482945062393,0.9315289699759762,1.1598265315764436,1.1838400989452231,1.2797377284399993,1.4009571098348825,1.3524040069566339,1.1552607047617056,1.0696724443331322,1.0107155153771163,1.2177429185493147,1.2394289202795237
0.88888,1.7397985195004186,1.7605825618856914,1.284461056715481,1.1218251721875785,1.3696090411119188,1.5440230939754342,1.0827196954668892,1.3001329510642468,1.2123323755355522,1.4100198599786211,1.9184102096134763,1.068330799605726,1.1635187087461545,1.509917501745706,1.4934620125750202,1.651446153631581,1.8261216147054276,1.892575117553695,1.1678965445258935,1.219684400556469,1.1543786450538818,1.3080414586142992,1.5458157873855596,1.270526871364045,1.3668883040782054,1.6059857517760041,1.598144737279318,1.2642553997514152,1.2533891944063646,1.269164072287599
0.88888,1.3447978478513603,1.0088562985503058,1.6843740578699973,1.4000110756199313,1.2549006285224478,1.1896816976263425,1.6071341394578484,1.329659747981672,1.5988300583733241,1.4812430007843966,1.1871071461220446,1.1956236133605225,1.3402467518846395,1.6846149008938793,1.3952962163697,1.1989215655018788,1.139679964268472,1.3872948940325738,1.525225427172806,1.2678115813892716,1.1690477160426203,1.4791465377199118,1.3762429933119182,1.514118601035986,1.3117543488965737,1.457622814623072,1.1873036485091635,1.3163228964178453,1.4384134213287845,1.4763627766069687
0.88888,1.2549442529548571,1.4300646989516053,1.3507044607101202,1.4016363661881852,1.1822534136631422,1.1838197831068669,1.462702891013006,1.4822295592727155,1.6631577786059333,1.4308499651025484,1.5276772101645317,1.5302369702850813,1.4301815947159489,1.3380539936752878,1.4838697687231421,1.2281464681194851,1.0637107200510398,1.4197382208439249,1.3848402995382296,1.3526217482147973,1.3009193597915125,1.3156355072230377,1.2844067302064874,1.2170890555037663,1.3996321497187307,1.3810213429255398,1.023529983571392,1.0546630120673441,1.3717824115429644,1.6142502214822576
0.88888,1.3766536028815963,1.167690242754379,1.405793276146096,1.2858478965556142,1.3853278450978637,1.3198388412418607,1.7407172846004826,1.7504136731204885,1.3964713296346831,1.6637028928359596,1.1978295377313557,1.1241397010214096,1.2153766452839179,1.2077574787221133,1.569480698270912,1.5321780255326154,1.8368678952097046,1.30633342092235,1.2265669403515982,1.399488590678204,1.4660142413567598,1.401986069451637,1.145654234179266,1.3708713001485147,1.478157829351183,1.453163965659625,1.399263798994471,2.134186973250537,1.715026482778127,1.2934845868137599
0.88888,1.3205553120656315,1.2585852090339704,1.896507406697261,1.2545764599009288,1.2848633491797838,1.9055270972870941,1.23519963738631,1.687217794237829,1.6226687411761622,1.5160431695375312,1.5268368363541485,1.4282164925378866,1.7676539342910988,1.739242846086832,1.2935482821654427,1.7162401456579106,1.898826178136021,1.8369754742420257,1.2300494611556325,1.3455705049789255,1.3915629275441044,1.3879341599693706,1.4973716827896728,1.4349525910441787,1.6815606072442641,1.6711630309007086,1.0226824376568129,1.2721221387856458,1.2706119176266804,1.0938693350296607
0.88888,1.3803020519715303,1.4013170000123176,1.3128472031928395,1.4744113001120804,1.6781884461034235,1.7049052656977528,1.6026146783362634,1.4150931891885385,1.355166239205405,1.3517267786740765,1.373484071230012,1.391569293839274,1.4185166509503178,1.5096344228716565,1.5446956905519953,1.422451528563408,1.2374149419244531,1.2411403453392402,1.3338324701647621,1.3467576017175256,1.2094373893470833,1.2808229407601437,1.3947664830241588,1.0748118740457386,1.325369933909212,1.4929518575045364,1.6226392154708882,1.8651757479497235,1.4150516507987645,1.4139317782510274
0.88888,1.3696419190427038,1.4813659467805198,1.411288437443822,1.6189932101788487,1.435261254391169,1.1611998116543942,1.6880853055027987,1.224414046130656,1.3153414957021776,1.3977838968381047,1.328131704324951,1.4420244906421775,1.0343200202664178,1.3512423852844366,1.1336353822054372,1.3374823355222765,1.327688436481696,1.5614045814550628,1.5150415203298366,1.5942645212841597,1.731489660240266,1.923764004385415,1.3801853229017047,1.7669416177332704,1.8412997973386345,1.2407083935936738,1.4351005088694666,1.4874121482286435,1.3994522395114963,1.2406344341539697
0.88888,1.5048078413630903,1.9456097919466344,1.6241288648690682,1.2412016369343173,1.0247422153394894,1.422555896978189,1.5248328488610947,1.8209673525582424,1.3444277082411247,1.505495371413237,1.207677113685114,1.4470525954538005,1.405995744473017,1.4630989159479149,1.2376946076131645,1.362119942627245,1.4203397654575503,1.5043593706898348,1.6584589997520676,1.1713486126653527,1.5344278605504125,1.2469086605944761,2.1098106603101336,1.6276745752075736,1.2587631121329368,1.88137301250363,1.0063704723723188,1.2646150055815637,1.3333311007593363,1.2501762888853865
0.88888,1.7217606465955624,1.4563537653835286,1.3858772287040289,1.7309188207303907,1.6007714607140286,1.2789832251370339,1.5044686051335554,1.1249668287140804,1.087958365609536,0.981674825203385,1.2751872141339977,1.4820543430018636,1.1043680708335615,2.2357629424124665,1.4323950616028966,1.112588941631458,1.3138099974744153,1.4386648309063028,1.5835370638425088,1.3098815232154288,1.3080059448230104,1.5265554506880363,1.5744120325910855,1.191494643647579,1.7684895043691493,1.5084199301124686,1.566346600460564,2.003461203924747,1.8588455549014216,1.4662183407315934
0.88888,1.4467848992228318,1.6240329499607353,1.354510488927759,1.6124382737642615,1.6170359591644206,1.3507987026305939,1.2244523092467265,1.1426953659078412,1.4075129591390174,1.3791702457736348,1.4919119839699926,1.682992029744285,1.4603985572691662,1.1189454761208024,1.3555203040056438,1.6077929449292632,1.5410233523077472,1.5090661893616728,1.5890210757540009,1.5824894387127184,1.2626520625579456,1.0237045813590298,1.4597039797541684,1.8855708497613481,1.6325210416873552,1.645194599992029,1.426439972708959,1.5515490402742935,1.4605911860720822,1.2445405192070886
0.88888,2.2444241149659514,1.2696182218957421,1.4011127846318954,2.0192922283386814,1.2325043971272882,1.4063235678201083,1.4594936113944998,1.294894054916427,1.6337261765123905,1.4872402876282091,1.820320420382414,1.5018806687477706,1.4504512251420743,1.426626206678663,1.195032151977244,1.1898898379876948,1.2508581214664902,1.4188765574885416,1.639468298553215,1.9299779009868034,1.8514469209730993,1.5369778911339893,1.605410737363938,1.0820173645785593,1.3759083553478753,1.3469109810907576,1.0076128647504619,1.2520788354751167,1.4355867187021463,1.3830593754228573
0.88888,1.2477174880996473,1.0272367459019622,1.1722239199718965,1.2151098604483463,1.632862421907774,1.5685337874617564,2.175330664178952,1.560531683637561,1.4653857569131499,1.1705913128997847,1.5212671779891254,1.5937439033332315,1.4008915209626311,1.7113002636641494,1.118988567587598,1.5928177604533054,1.0304040070380769,1.279874337355273,1.3449490244619358,1.3601221241166461,1.5873279184412161,1.3718967014416794,1.5414290384362714,1.092821173711743,1.4687951643643948,1.3353619575350861,1.5292687143490817,1.58570930737844,1.2521699276054163,1.34558394632827
0.88888,1.0260274519806194,1.3668039744596283,1.8426153828126597,1.3120706458730815,1.1124215708670335,1.3661964139370717,1.5530314696243437,1.3341603542687834,1.0964133948601644,1.231013630369412,1.5576747957320063,1.2110209517165318,1.3498907185238718,1.1529096930651914,1.5854034598801177,1.1553997677211385,1.3183208368684536,1.6663741670669165,1.3016836080352179,1.3528628397401379,1.2587024563667226,1.0500599354290208,0.9996707174669194,1.1458466615182274,1.474791005259105,1.107696825670058,1.5158973271412275,1.2611380349854062,1.8561077640741623,1.998378166401636
0.88888,1.5287002537538035,1.3204422829095297,1.0633573631816684,1.3884139585103163,1.5209939824551721,1.6968864697082529,1.5080173551528722,1.482328937382806,1.421922143077816,1.2811153383537397,1.2052053113580676,1.5645174308033127,1.5080828409282694,1.4038788532858524,1.2172376375392084,1.41131775115428,1.4250018293047904,1.6586912174721309,1.2931453759403368,1.6278132999030928,1.1068699061681584,1.378655660566073,1.6599739800257105,1.6649056493412717,1.6329424653688622,1.3009880792213748,1.244723477759243,1.6328312893878132,1.3368474285180918,1.702144055288942
0.88888,1.192709788433531,1.394685119920645,1.613148900011826,1.5699698906756734,1.4545607236983582,1.9255744452832384,2.3354964106736658,1.7907757671991504,1.1604901825129728,1.494776119188961,1.5928299076465076,1.1709833118341169,1.5490966082650803,1.3186598231437734,1.421389936781189,1.1593534050003698,1.12867934114445,1.3158680891499728,1.5460802244834864,1.1949040990296484,1.5866721239087702,1.2166502279972704,1.1271979369268834,1.1151097546267437,1.657371872595761,1.7838081915752868,1.3691313126935472,1.4214582971707834,1.442984065350769,1.4772121363822304
0.88888,1.411101214686721,1.4105160006678479,1.6106111207628298,1.6588200855875093,1.1634423215242855,0.9809519646056417,1.1534620917026719,1.2266887617963431,1.3684297790706303,1.3591537288338686,1.5844139746107861,1.6383427176803202,1.2505090710965594,1.311583422566781,1.4695317472581402,1.6238219557154498,1.8192334232893208,1.381599204479121,1.552319019539882,1.261961802941912,1.6712438371597709,1.2423700907297697,1.2053530606347689,1.4427927909021654,1.3287870798299553,1.5945165551172717,2.385155422540632,2.0242521873072463,1.7080691666553094,1.4589534632991998
0.88888,1.7812096426007953,1.9958939913001918,1.2085569443982085,1.2413776984492189,1.7036027903693405,1.9090542269814483,1.5507948761975392,1.3862003637288114,1.433493409058545,1.5842267667099876,1.5308889443918983,1.8760414739641968,1.6147659912460666,1.8581633157174557,1.252945961505995,1.4335301759718289,1.2843063382517976,1.4618852254261694,1.3236184219624585,1.2905062234783378,1.2657899475772716,1.4608923065585449,1.2803999381786066,1.7162613319601392,0.9186502965013319,1.3148738686213195,1.3742434259657046,1.6099557220981633,1.346828893123283,1.4432652457754618
0.88888,1.5416962782729269,1.2360199135958991,1.972228894347565,1.541919288115549,1.487602906632539,1.286214096080591,1.3431312238032107,1.2014792727951489,1.5638962462755306,1.6262036939873015,1.5165834816729509,1.3959815929290629,1.4840375524875913,1.480146794314604,1.4886528659250742,1.7106771751409189,1.1958408059896701,1.9249191177247695,1.0690523956085587,1.3022314552966139,1.2592607722352145,1.1217789027918998,1.4250344014985545,1.304825582651058,1.2875461548083418,1.3727689133232426,1.3490173317925553,1.1835628252438084,1.3847754150775948,1.1435907266899938
0.88888,1.2778882525155446,1.3446238679864646,0.9481516296214486,1.460021824793137,1.2733472443045106,1.1250285329656087,1.2769207288869682,1.5284936865502186,1.9020866127259834,1.2260482090885938,1.3047529095210824,1.750634513390533,1.4239520381948645,1.9658887545526322,1.5035204820962111,1.3101421436272367,1.3933879937797233,1.3536223846844662,1.358619494741529,1.636226737683145,1.4427242620382474,1.3936423169021115,1.4636879935387541,1.653756804704891,1.561067718113112,1.162746763247474,1.1792000632538904,1.634744458866345,1.3314358017706078,1.3233965622139963
0.88888,1.5369273431246269,1.2971547737522988,1.5891287221605446,1.2906604653249218,1.307755645826419,1.2346636244589926,1.2221070058665973,1.5898389825753936,1.2018684697860935,1.3014875449690997,1.6405370300454758,0.9848217437805261,1.2155537313434224,1.274356160166837,1.615197573203396,1.193429059492961,1.612166648520124,1.2603892434092245,1.3401374403944595,1.2668026600950522,1.4110661615819127,1.4699922120647761,1.423990209073904,1.3028848100826247,1.6630581658649368,1.0937415375228952,1.2257697023145802,1.118095583149101,1.1307815555577294,1.3207644039907904
0.88888,1.270648146164174,1.2139731970276746,1.6110665841765182,1.6497949417080853,1.6148818386233972,1.7186730818680145,1.6783175494094411,1.0945239042817776,1.451776444486386,1.626049688510116,1.3877298358351005,1.2289475379158117,1.3192155208791376,1.102816908630925,1.7530247253554045,1.4048707368680826,1.69641255113397,1.4126069178391267,1.3177267484437543,1.4691046981602618,1.561474277372946,1.3836288221201478,1.3693443945722188,1.3320066792152596,1.143581648707278,1.6002671967713737,1.3780638861599614,2.0840195122160483,1.2931916713534184,1.3935734332262517
0.88888,1.539229639579584,1.2122730238713462,1.0839803254105382,1.3600643295441583,1.543930945623633,1.5491314863439143,1.6129084680835626,1.4128989741635476,1.1320289689218535,1.6980084418631318,1.3245712101266685,1.33112961910828,1.4882838412136352,1.5990307579405065,1.336323470433743,1.5567526106896532,1.389588533713696,1.6832568009812758,1.4272953305574314,1.5557102974385955,1.1622620514036393,1.7614938711761383,1.474770977110748,0.9513731387024834,1.4106784322262773,1.5888907715442877,1.3407343116691874,1.3369521559023432,1.5486376813639429,1.2888274334791525
0.88888,1.6440663329817298,1.3671649656024945,1.412865563395337,1.3707838007737971,1.151267276988404,1.384708601023136,1.287627626891478,1.4806693279136987,1.8064731505896714,1.3118813455181837,1.3500238339776869,1.1086350488498946,2.0279972467041865,1.6054285858582666,1.3404140330478735,1.074021603584403,0.9967112325309893,1.6454550473814045,1.3431927105791515,1.743940964686486,1.4814996261350384,1.7652152597275619,1.4978205646692249,1.7075391094717367,1.2958666267920051,1.3320446607322385,1.1222239331784865,1.1501794176634548,1.2245092204343258,1.1736042043133041
0.88888,1.5165558503227405,1.3696796643926208,1.371218532776853,1.60887610542831,2.086286114348487,1.3425048313900816,1.5147657256937113,1.7938465211112407,1.905313998550967,1.6445674916760236,1.272585639430961,1.31953732597605,1.316807455302569,1.4396849997470504,1.2275928817956814,1.3583529182326661,1.5446049385113376,1.3117972383560321,1.614561422710291,1.3053971355617477,1.2064890814887719,1.4348466853553592,1.5070018852040266,1.1650686493536502,1.1158616204053557,1.1801989573089946,1.3327162689585839,1.8531518262982098,1.2477630112065607,1.4169913981367541
0.88888,1.2261501151863687,1.5620742895881121,1.1884274909867083,1.1802218862854013,1.4474972759978963,1.4861070713062237,1.4568517131269914,1.5710545446273063,1.8338744486504595,1.6096950948584865,1.3808039432923203,1.1485559162613397,1.3360545386421285,1.4893137282482454,1.6452936542174874,1.541394721823074,1.6199068444130322,1.0016171476137858,1.1819426199943204,1.275525384126361,1.4250231614287492,1.089302688801671,1.5340961877878745,1.5734662554473466,1.4383059417298563,1.498463171167806,1.0688423133581775,1.6196417904273794,1.7439349414020566,1.6026056738165613
0.88888,1.8174100402360835,1.777530243019568,1.447252688129092,2.0511398983136844,1.521277510414197,1.2469183847014722,1.668896420783843,2.098362312360654,1.3961449132401422,1.2535854174686984,1.3919811760938217,1.3058599729416482,1.4013256679934882,1.2138217192197978,1.3897105764608726,1.1692108381834185,1.4114480069519766,1.8684601183932956,1.938179326271339,1.4096640854433182,1.330375884661391,1.248852844222553,1.0139866454293536,1.327793668903258,1.081199430081125,1.085505526199265,1.553670616305139,1.2613825774952676,1.7128537076842454,1.8801285172915498
0.88888,1.4825583717592579,1.4352783680669496,1.4062220606419358,1.3477351567471,1.1765550981260997,1.2655717719375372,1.5263086439139282,1.3570065797410629,1.297486601128036,1.6174829146270255,1.8926869841670024,1.3673973620399396,1.0535591346387383,1.2467177186567184,1.278091322995158,1.1649774632107857,1.413521870121096,1.2306476816041427,1.5985302449064027,1.3241436443233932,1.512241027307188,1.7806044859133583,1.329882099606227,1.4207280693391036,1.4620519962777507,1.5546969880472128,1.385925097578235,1.606242818202983,1.4363401548604637,1.1988978018036103
0.88888,1.3641300014814823,1.4086931080984488,1.239719137676102,1.115019316146862,1.1391500643112467,1.4195308539259581,1.5839741774953824,1.4860570760191179,1.5779511727638742,1.5917346510550447,1.5960480661695857,1.5476950528041211,1.3306125673430176,1.0698165914576914,1.1743322927235371,1.213130846429213,1.2563067717055119,1.0998999029783845,1.5516552529953043,1.9050272968384105,1.151412384382662,1.7245470728432455,1.5441344368103374,1.23689860148063,1.409345031645676,1.0899395570168955,1.5412981061673268,1.5198638496962935,1.3875688377888944,0.9334445117730832
0.55555,1.283577654837238,1.2625513784160607,1.218386376875448,1.1236283214324045,1.4056315335806946,1.4783173159258498,1.1642933308063521,0.9892293363871237,0.9919510275806228,1.114017191491332,1.1858036716227889,1.2709663283006691,1.3771771171080482,1.3845678691208128,0.8702512199473129,0.9903468473839949,0.9655368413813622,0.8451451725364163,1.1196912170352984,1.0546850004173485,1.0725311904191481,1.1114376806504616,1.334017554922882,1.212820736277108,1.1513042181289141,0.9730939158877138,0.9164396810934092,1.346421260756325,1.5790870596324253,1.1326205118061483
0.55555,1.036059084185745,0.7646819051165048,1.0843985103125073,1.2862807212451581,1.0745520144267464,1.0361894495192814,0.9810702709337535,0.8266546851239419,1.28263504661976,0.9289554069505299,1.0765917358003378,0.8911460028148864,1.2301146903236932,0.8634721328740254,0.9447740629454772,1.6241852111502173,0.9443422757259008,0.9538885951414422,1.0934971601738421,1.1708031687756497,1.3055151231782427,1.2168254985340994,1.3694151692206984,1.1591034552959107,1.0668036641671383,1.1316084771689174,0.8060261083733596,1.1523665188686867,1.1380718925224769,1.2574143249283252
0.55555,1.054076802350952,0.8598289771723052,0.9395646355174655,1.0368387116798234,1.0218064623478378,0.9743249013375367,1.2248171785888793,0.8440283111493976,1.0561788666681198,1.4330041376499512,0.9685106438349514,0.9873807246486638,1.257810216209759,1.1254643773034922,1.2563603191412795,1.2019942951271418,0.7846148441291291,1.2200393266435068,1.156947485542425,0.9112487914918366,0.9633172892671733,0.9556648047442722,1.439100704141012,1.293745758214325,0.9439174276288927,0.6858833643979133,1.1123338069316,1.2845820832142296,0.9996140396659458,1.099750178458892
0.55555,1.3183358383323125,0.8186035059795493,0.8513200815031463,1.42117702671697,1.0941179760220727,0.9861441747150506,0.9839242731921256,1.1469172280430193,0.8192633305821846,0.8768433691716867,0.9904607917478774,1.2071927173253723,0.9788426628800168,1.1324678762273221,0.8839642857499982,0.8327362392702717,1.0221562488101048,0.8777825562937056,1.0156770235618664,1.2249247024419159,0.8178855744362464,1.023785398638973,0.9149529956136556,1.0339408458592927,1.2551996630293458,1.4412206433287338,1.0735791032033164,0.9637852313892113,1.1082700121729696,1.0828371252275046
0.55555,1.009171551427921,0.8956141132588431,1.1718978428976434,1.4503765254080754,1.0960072270515346,1.0148264798236832,1.218911803087386,1.0956810415688376,1.30147753005812,1.1039034736926316,1.2304185506133412,1.4537337746630272,0.9837341003050858,0.9911438363369749,1.3641634286402842,1.127086964522389,0.8566645021466776,0.9935881177016005,0.9577708144149373,1.1899082189290893,1.2420577528139292,1.0813925971405423,1.0481655579857139,0.9642166371673238,1.0087684303796638,1.308861698949344,0.9728029422634762,1.1506375505517743,1.447711380269049,1.0920609057252386
0.55555,1.0968537831361305,1.1556070604303943,1.2454993236379348,1.1135422662203873,1.0245855102944461,0.8342187484244765,1.007633280065407,0.8838589779612426,0.8659894122301591,1.1325977334947148,1.1955928691245508,0.916827662127717,1.2047365893142765,0.8571636354536969,1.3514371338701685,1.087341528420005,0.9820407730386556,0.9708565344004212,1.4682241208272062,1.0601853282708191,0.914957323298714,1.049202601767265,1.1722786021213016,1.2434586177577693,0.8901951362780978,1.0278249690097097,1.1394722675215887,1.0537231613353506,1.2471870171453598,1.219827178191534
0.55555,0.9269306167636071,1.1960519220771135,1.2711459691114837,0.9281194637137534,1.0845239213423579,0.854285703751239,0.9587185190829447,0.7272481780818659,1.0011370953694176,1.2661023238168967,1.1175433140605138,0.8571121272200363,1.0387420991495455,1.1582852218303492,0.975826534658657,1.4438190984662322,1.2636113020860718,1.1683523132693487,1.0377775449917466,1.0827344106004957,1.451019080223392,0.8540791982037025,0.971223262051072,0.9174602920773436,1.2957915848080583,1.064347826462413,1.0458112970467364,0.938992703048748,0.9065382744018973,1.1253722371481734
0.55555,1.1900631028545643,1.0259016221955686,1.110565612809652,0.9712084929698397,1.290939965930269,0.9500496026765248,1.0478056587255826,0.9878348707524705,1.1552023211614473,1.1200276992763256,1.2171133259756934,1.028141582430143,0.8669064730293752,0.9699598625772854,1.0549610521261463,1.0642970399304352,1.2971046351409354,0.9863358096886923,1.0038406995376072,1.1298921850613006,0.9531554861839842,1.0874978238139272,0.9643944945156606,1.1931167582711804,1.0755901600859183,1.2494514480387926,0.8919229299674035,0.9617583282749391,1.1592304020415198,1.0071234350403502
0.55555,1.0754917505739907,1.1034410866450481,0.9929738066014157,1.1180342041172042,0.872936147317128,1.0458366066012696,1.2284534719686377,1.0167011356740068,0.8968659822301986,1.0020380670474285,1.13452698232973,1.0634155162384085,1.0851221121637646,1.3341102555495619,1.0434649635934858,0.9418295780298253,1.4557350356147996,0.9556287447386441,0.7881222062219629,1.0477534531128898,0.8852417583121471,1.027124440352509,1.3021958317775757,1.227600050709746,0.984468608799667,1.117247375275657,1.1018773064455332,0.8922760729697945,0.8302627517250668,0.9591403603524846
0.55555,1.4197208863040822,1.2790188042731372,0.9696792629220135,1.139831231211173,0.9939533130011277,0.9979654449642941,1.0377919450102346,0.8669395294855781,1.0944253352432254,1.0765231362798366,1.1071248655400048,0.8728404096996171,0.9981212096388925,1.0719763664962234,1.0639699126076734,1.2870701605607375,1.032848122353381,1.3845042106237004,1.0358395595537158,1.0192642474244444,1.0109633843674797,0.9407791759606018,0.9028329787888224,1.0119764662772555,0.9925609267290968,1.1696034288994535,1.2107880875813404,1.002289747118241,0.9130693149794187,0.9541091369257274
0.55555,1.1004245363106533,1.0963021347754556,1.1546745097654563,1.1677271613153124,0.9487839109020035,1.0504743016114124,0.9745530689233722,0.9834964946275356,1.231587717570636,1.4566212293902716,1.2402427955746134,1.2204873058600212,1.3413582503956136,1.1739565882621585,1.1305072366859024,1.1021228655134323,1.3169263218837128,0.8365030293172141,0.8159222651784739,0.9611350032015102,0.870638672062255,1.0150945805252898,0.9117137692470904,1.31644412831334,0.9983170497221727,0.8641181962359595,1.0642217763293305,1.394576090233505,1.1506193163747263,1.2389884819812509
0.55555,0.9768512523974175,1.009973549314997,1.3056269976033552,1.3497656892598562,1.2174795871274926,1.160996301956994,0.9812068109639498,1.1683029372223732,0.9915039464219639,1.1965380305127564,0.8313508097937986,1.3062849635991285,1.1999084126061863,0.9154040574423431,0.9798773429533665,1.0139771035866518,1.7015718422533115,0.9283134732729332,0.940274220556364,1.192718293630227,1.2486610806858818,1.0753117219273618,1.1690793105836763,1.6561254186241203,0.8029191977470849,0.8687303864522371,1.1192816599360937,1.0483181940214288,1.0764466834195268,0.9660078393088892
0.55555,0.9821747195328586,0.9695812027315589,1.1764719349873223,1.145875941979638,1.1507916433824592,0.8172049140032157,1.076429260270528,1.1494044506576127,1.26064467295981,1.318952100734486,1.2461853827957552,0.9668882787682727,1.2034437980844288,1.4299220045772771,1.4900114088132306,0.9562109576429237,1.2570856877198044,0.8680997788589303,1.0534018195946042,1.0750218096658528,0.9290140586847294,0.992055501177414,1.0529332248962393,1.091133129351524,1.3480674094928273,1.2706684954613607,1.3050719598184959,0.928904321781346,1.1077707883603387,1.2472797747844386
0.55555,0.9708208567433424,0.8056179535015676,1.0040764108004747,1.23359285627395,1.350483438204448,1.1296626824300657,0.9753937529458653,1.1332382083339967,1.135289209785719,0.9557408628467372,1.1914651867111103,1.0045055809120749,0.7852139490545891,1.493641496418233,1.3164092454129461,0.9684768147414451,0.6574821872922738,0.866037006801421,1.0683803314332654,1.079613835057832,1.06582196103491,0.9945100260158145,1.2949324330913097,1.3250231832083825,1.053119963886303,0.713221909006967,1.0987190108323943,1.2894353657186703,0.8954094284139749,0.9558522703112556
0.55555,1.3159914142000158,1.1199755174610209,1.3171349562307477,1.1485069350218258,1.202606161144032,1.2481374670493361,1.088668119307352,0.9597272445283745,1.0061999616284305,1.2966654006069576,1.2323412621917944,0.9457040703682915,1.1262142410718896,1.001107125484102,1.2650676966406562,1.1769881391235082,1.1425735193127657,1.1185171320647214,0.9014671176500462,1.1423438888099717,0.9705658933318235,1.1471667015018567,1.4976845044306064,1.2881108541940387,1.040607220523752,0.9770337595143143,1.0533044348582563,1.1375511473926483,0.9916929255370719,1.072836756710451
0.55555,0.8270029932833888,1.3191270603299392,1.1777121572740035,1.1323661605921387,1.1392521018313349,1.1678859626122093,1.093726222643264,1.0974985821102121,0.9661537226712773,0.9417288979761891,1.0272433064758122,0.8758449365237327,0.9598434510465041,1.2450159209496412,1.4796785932390488,1.1576849419844408,0.9896107069523705,1.072563733628072,1.0206858144749775,1.0612166920791628,1.1307475330569694,1.0932863293077715,0.8085793198774157,0.8606114422105793,0.9463176260450639,0.9712862690266771,1.3024117817508363,1.1211682488441974,0.9483849730117644,1.0648334389059222
0.55555,0.9472195813633723,0.8892578869606222,1.0538559268844505,0.9695009152798911,1.0376070641889452,1.431474541926476,1.2025870211383278,1.3101271063614774,1.0192155899862363,1.2058233152594453,1.0463279241495946,1.0805949756122315,1.2885009890561028,1.148849510673312,0.9297681647671858,1.0223096926529793,1.2438831505288062,1.09978385166803,0.7935522675367226,1.1095466126098719,0.9832195615401422,0.9698115881985434,0.9108590987989411,1.1167875002028755,1.0272893985092755,1.2262727686070871,1.5592877186866516,1.0629662079716355,0.9117446885083325,0.9151378525896333
0.55555,1.1902672342481873,1.1982436395097924,0.9706046637659976,0.9511969833163493,1.0645873776017591,1.0653369684915435,0.969897435012958,0.8467117811185142,1.2364776929097967,1.242247135452768,1.1301347941279918,1.0546463801095447,1.0030124274705923,0.892581011272651,1.2125543488044481,1.2028799565367694,1.2605199051450664,1.0429548297118796,1.1517603155402034,1.0520038163644003,1.2475894138031676,1.1257713195318584,1.124394596167663,0.8153168391161766,0.9092319307803751,1.1100796812624567,1.2805927491457554,1.238385191187141,1.0116097513760653,1.1367605673964005
0.55555,1.0084027999544756,1.0124077609414313,0.9061487382583471,0.8685329546645907,1.0658476605072698,1.0783816535137098,1.3333073066101764,1.2337346043378148,1.0395309851239956,0.9934651719509309,1.1590395259704467,0.926921942439474,1.1120302630452334,1.1191360562031296,1.0737189751670488,1.0732462204141517,1.2811461406632347,1.185305200552248,0.754608591093405,1.077685479856071,0.9924169766922647,1.2395407658005753,1.7735766566500353,0.9582247382053998,1.0548228177428711,1.0524046097843642,1.1912814818270818,1.3607525200580433,1.2274777426617853,1.0916454831792408
0.55555,1.0413395540734454,1.0859421247099637,0.7685584183311045,1.2779029567204774,1.2685232451601782,1.328120237116798,1.084441441309631,1.2620434288163411,1.218337468108557,1.0053886220260377,1.1667565009021896,1.023949961526609,1.079684745397706,1.1099237838970721,0.8652113880170398,1.2445014107841652,0.8887101739488876,1.109559619485918,1.0078843183045145,1.0686804142532988,0.8915663901791754,1.3346002730297881,1.1614796644962886,1.3649228843357393,0.8773311536919027,1.0042530158646892,0.9627851805479456,1.6002896360952783,1.2937621804768198,1.232899728235769
0.55555,0.9596719889347435,0.8200956637945965,1.0651706784751498,0.9987880756690453,1.2105296488114694,1.0589264571680266,1.0395737949815016,1.020939586338245,0.9611059175730747,0.9733886246576543,0.9556868934747851,1.2892356173319948,1.3498953432873158,1.1025163800202795,0.8555707066850037,1.1721740420689304,1.1463687751054585,1.408710855895819,1.1594974204195931,1.0473184855320943,1.3128020181883588,1.297583564279456,0.8609296291876667,1.2194011374021412,1.4516067069260448,1.2322451017053613,0.9855184989729807,1.01703299330845,1.020167767835332,1.1295445304168632
0.55555,1.1373289921574907,0.956244728681494,1.2209134636902828,1.2518629605095146,1.0838084276691393,1.2068365363264912,1.3461877097090624,1.4849595684857884,1.0174388612430845,1.104874980520937,1.053671408056183,1.2168728546735346,0.9977207092369607,1.0318257522616843,1.3762400940095423,1.3864517644804975,0.8969632530921584,0.8706757094735768,1.044102665703166,1.3844305524074056,1.0174710506581055,0.9697881845955352,1.2433786940389833,1.2090251307600615,1.1625156775115844,1.555393600727277,0.9719881789456842,0.9534383091875059,0.8812863270019996,1.110595449107923
0.55555,1.2854370028611282,1.0490462605277315,1.5629862781723858,1.0403953373369408,1.4435858179318828,0.8761010751255741,0.795094335143891,0.9400211400235818,1.1051611357289564,1.1080979823829193,0.922718474140184,1.0223700398234812,1.2078905699883018,1.1146461300339607,1.1258262994454864,1.3137265116488215,1.431102269691138,1.2757484190184563,1.094257704564031,1.1126677765380366,0.870655996042379,1.35598190445215,1.2003198627311578,1.2553693622437114,1.2891570183721544,1.124800347539895,0.8803315469855798,0.9338376976589907,0.9074554314232028,1.0445299000250836
0.55555,1.154362336786245,1.1710547765533494,0.8128047968507532,0.8088224478223552,0.8678934901069182,1.2801541954501228,1.119585072505855,0.9181755007537697,0.7729924504795466,1.1052424389807325,1.09465631024998,0.7666318978166844,1.117298389741744,0.955706101009565,0.8879397021456099,0.9558032327598108,0.9723967442108323,1.4739297324680556,1.3196661112868144,0.9668239222507548,1.0140739328458084,1.2541763441954696,1.335479482521615,1.2293852974994965,0.9670936766866536,1.091615088222652,1.0965485420021925,0.8794270241686364,0.9360737600771567,0.9717083858377734
0.55555,1.2561324537418692,0.9209660577804523,1.1422262124578622,0.9700349728296842,1.0029714360237034,1.168328856257094,0.8751164678654599,0.9784678201354199,1.2617477992051507,0.9783488749046402,1.0911252492504115,1.1834276353924218,1.0171440162983614,1.005132959167772,0.879598751993877,1.1692228421509652,1.1259051655186185,1.1267023209517955,1.4633903987126926,1.0958552549419724,0.9650441730707845,0.7906884767344844,1.1256532912962038,1.4495066981320885,1.0185443243891419,0.9893518071053283,0.9842932079338094,1.0216441358856063,1.0575592400406322,1.1519684817555305
0.55555,0.953967027098758,1.012992180181111,1.00262831114857,1.0082416994792374,0.9674657175655078,1.1921917461823515,1.0626026407770899,1.1381319108287167,1.0762871247387105,0.9984144098375838,0.9061326720634976,1.0167298300418763,0.8453891327810709,1.1442308948809183,1.3691156323532434,1.1969353400357774,1.1069501167792781,0.9916659159147169,1.3063687664229273,1.0131898321746282,0.9643117806527843,0.9572154821782436,1.1915669474313324,0.7908895871982408,0.9576750329170334,0.7784900891477465,1.2749499530457877,0.8543774938127172,0.8963506430620573,1.3025082935753207
0.55555,1.4594950916444434,1.1657426776537585,1.1292697753221963,1.2033939300393568,0.926389702095537,1.103442634043392,1.0469071439411397,0.802240120703599,0.9929376429425038,1.1656232683582464,0.9766556849350745,1.2750507279136771,1.2236537456312946,1.0528037255587184,1.2049883234874657,1.4554114971112642,0.9536057548792837,1.345505591970842,1.1606663241310713,1.2932382050967155,1.0099154612929588,1.3244806393288049,0.8557297646000429,0.9429177630239919,1.085684949544948,1.1137006735906791,1.2181229359368673,1.0909078044207166,0.97939042536868,0.8904979761269828
0.55555,0.9220706885479211,0.9921985256716133,0.9373028487660434,1.104348813647627,0.8444520909043386,1.3246341392517536,0.8762379951926758,0.8624052920999217,1.0051569252407493,1.1173225569588616,0.9682094761169138,0.9079733077391838,1.010565257722198,1.0977684222545818,0.923803201553779,1.2782646064960632,1.032648462220219,1.0605849540670562,0.9239377240953938,1.0332690832894362,1.0447968503871672,1.1803609488038942,0.9676870093208562,0.9665422323691095,1.0557755854277662,1.125642890835111,1.001814803013638,1.0477078756680254,1.1318743974791752,1.3015881933758504
0.22222,0.7257344334074491,0.8085309440327381,0.62287382468054,0.9715520640992225,1.0652724857886617,0.8319832437809552,0.8766131206375797,0.7985453168325145,0.8763944844516063,1.0145433564464346,0.8843173511474443,0.9165279353744229,0.7286966220448143,0.757210591634624,0.7908836259998336,0.6749459179925555,0.7366485453253797,0.6780171095831263,0.7604829236757625,0.6840665943959762,0.7805580850857983,0.8386091382731701,0.7174309277167749,0.9786895424960771,0.8736949540163788,0.5670626171253915,0.8468962724376491,0.7602454668399087,0.9946325729300062,1.0179597198289383
0.22222,0.7836448793412684,0.7234456855072076,0.8897471395346626,0.999156624023901,1.0530488722313038,0.5932203296923341,0.8985718769187524,0.8247165644043779,0.7670754225216422,0.6765733742549427,0.9176651950464841,0.6488954871306857,0.7741719373025341,0.7095755091468031,1.002410250649022,0.8579815277919971,0.8923887525859306,0.8811163451459526,0.7560030779750314,0.6829377384733719,0.7025777437006825,0.911560842984364,0.6713675918627724,1.0433128729144097,0.7941363641367403,0.6748140711145998,0.9287533407865505,0.9100339408929059,0.7775442444201386,0.8827667485774863
0.22222,0.9613778951060343,0.8494415591442568,0.8514016622073494,0.684014193029658,0.5999155751868641,0.694826492314604,0.734475974269558,0.909778519234801,0.9102114283273398,1.014764585737012,0.7812351490386177,1.1154439438660229,0.7305280482609052,1.0403893968836773,0.671013376885692,0.5668664348576326,1.0538642281697783,0.9340538651466997,1.1791814848515934,0.8338859200446733,0.6936643858972339,0.6563090501225447,0.6619403667698831,0.6013958202015598,0.7906225937580641,0.8564236015750311,0.9358517888155664,0.7487643032359144,0.7710602843777908,0.7637562622722349
0.22222,1.0164922349779772,0.6003233983727375,0.6328281423917346,0.7730080483269335,0.5936491548757477,0.9852791667432893,0.785322422237858,0.8414866492250618,1.0211074228317896,0.7431994797894678,1.0103969237149029,0.8458609888041313,0.7710671810235523,0.8217171335328843,1.0789070130496468,0.7879472642292004,1.1957248564554044,0.7733748371066437,0.7023463092818095,0.9205934851542897,0.8519123282434787,0.8547404430234958,0.8235931893823054,0.6820248455571778,0.7397429473188658,0.9216675742648939,0.8448107807193697,0.863008909201838,0.8757836929261261,0.7919773428357703
0.22222,0.9664416608800898,0.9128713446071878,0.8996634026365017,0.9758527319821454,0.749397977613063,1.4145009750377442,0.931202316140082,0.981166651848033,0.6910591205092239,0.9058298111005978,0.6415946104256501,0.6605154740239589,0.7364947159694948,0.9461332709753921,0.8524090141104552,0.7517535636015829,0.7371084680969708,0.8778573284886177,0.6936781311678119,0.7213825052793682,0.853463922219787,0.7448475636940756,0.7643924997801119,0.7719899913590222,0.9655096558867219,0.7077515987307066,0.8053420644141854,0.8988340613382363,0.6775295906284005,0.7387336411727604
0.22222,0.8721061283218438,0.9682405063268694,0.8177745388171261,0.6350783232781416,0.7497707424631136,0.8283848057993428,0.6821764360666908,0.6848778699598161,0.7582117393386364,0.8655710991205879,0.938134224752124,0.8071706316718149,0.6554909763285827,0.7231735624563416,0.8894532265823504,0.8086404180778853,0.6750423034913173,0.6662613885026689,0.8341801201155259,0.7466084934070079,0.7442777785483358,0.9008083598827895,0.8020510251128352,0.8152824664385321,0.8483916911511716,0.9364489441507466,0.7660113200037755,0.6382206102417213,1.0499724101072836,0.6917633535271359
0.22222,0.8786175144457248,0.8739814475748109,0.9471596879630886,0.8274597071206359,1.042721908911208,0.9016422766325618,0.8762753614428893,1.0558192598557257,0.6705845259847306,0.8452598312963008,0.7082699813741855,0.8383776706604731,0.8535700446599581,0.6680459551665886,0.6894662694986237,0.7497526745362565,0.6709836232975507,0.7045707600390883,0.7348694296552367,0.7495819362866883,0.9310791810227809,0.8139979060061375,0.8358919045550041,0.8839875384087772,0.7791065805682339,0.643537069825805,0.6353310048968169,0.671534517955228,0.7112157594304581,0.769547880095626
0.22222,0.8675576189192508,0.964023596838519,0.8928648379902232,1.233020010141713,1.0876229060138565,0.7238988321893141,0.6199372072529811,0.8595616384324607,1.048363967674531,0.8503852130800637,0.7202701684184513,0.6907764003391179,0.8630160756017882,1.091847182698256,0.8968627782159233,0.895670707241887,0.7909505796694257,0.8318421632889533,0.7456013863320727,0.9106675979067689,0.7813827005585475,0.9347480949919919,0.8134656686919497,0.8628687248580891,0.7627373684999145,0.7245623472858257,0.6318499138399458,0.6115373848256421,0.6373657565487464,0.7025972305267347
0.22222,1.0532829958485292,1.060773687659245,0.702965796128499,0.74225131565703,0.7103529105711207,0.8161946418338492,1.0969750700223513,0.7907026311503171,0.6536031635977583,0.8013142915789233,0.7084996643547747,1.0328556781580898,0.7147995059127821,1.021178329266045,0.8168459724279461,0.8770474337000908,0.9292274352903691,0.7690705664433586,0.7248925133203244,0.7159784021658913,0.7971972620700556,0.7253742071752618,0.8229461527896744,0.720295701623351,0.7796704453979035,0.6353851854000353,0.8876053461914601,0.8731045200183197,0.9658862712346229,0.7252608159098277
0.22222,0.6674860263686949,0.694465263484159,0.8198699516017239,0.9049457063667881,0.6443041504330848,0.6798864872040231,0.7268764466239862,0.8161294803349345,0.8373896497262558,0.8986847861499883,0.7141581864635745,0.7271303154168028,0.7725612868018434,0.9378260806897512,0.9299954437592981,0.9434997152437329,0.7367154946234373,0.9860188032679729,0.8119472560608099,0.8333096624562127,0.997751945655479,0.7566766923227316,0.8445915426316905,0.9228608115675832,0.7132310444696806,0.7166886467549048,1.0755742680220746,0.7393900722935789,0.8313306202459093,0.9277926137362925
0.22222,0.8129740248729155,0.8299543504960228,0.9859355139812648,0.7605352166413258,0.8180272644237555,0.7722192974694772,1.1723544139245732,0.7927962966471225,0.7940725080967963,0.6947964727725244,0.7771104855531772,1.0367065257938544,0.9479245156667856,1.0735800088202523,0.8422706705238194,1.009233308900604,0.9819368189807183,0.8216624996281988,0.7402956390421405,0.7845371094570437,0.8625891755400906,1.1586230451725779,1.0233703906073066,0.7278792848110534,0.7763272622298445,0.854462252265452,0.9428300030166075,0.7699251655925264,0.8339374208446354,0.7121559026691262
0.22222,0.6494626787630385,0.7760540552753495,0.8990760611274042,0.7962003261453158,0.8416036694687965,0.7344297212009236,0.7228283071342739,0.9054360254118184,1.0431249939725766,0.8211421167490004,1.1176786162098042,0.8235867897623412,0.7424157346678946,0.9263198854965582,0.7683691718286012,1.1710771838636345,0.9277879456062403,0.7389669737694108,0.8326903147377869,0.778834061179828,0.7406501914576487,0.9476066373116101,0.728265989326531,0.9833956429283016,0.6596505652659013,0.8382133034240015,0.7994336631233039,0.6247865161404975,0.8923611853245654,0.9433339487663169
0.22222,0.8290334547577362,1.0141244831015381,0.760949071357184,0.6459922995093677,0.6929252712565762,0.62995270297112,0.8680190851244189,0.9034902399754239,0.7090302856782769,1.0341031064846127,0.7729301498729132,0.6999171859102397,0.7617082548914771,0.6953776922618078,0.8167063207007984,0.6220454178956761,0.6087440876511759,0.8778908759796616,0.7709888241939196,0.8868788144412133,0.9541914081209741,0.7288462395813222,0.9339593932381426,0.8229952125388307,0.6866568544394112,0.8328566085338579,0.7646866020084512,1.1111589734977156,1.0965496866325108,0.9803774904209062
0.22222,0.7071030129128097,0.9929820429341022,0.8676682377117585,1.0457546921793581,0.8347318156881623,0.7971297559448519,0.916221357636335,0.9775747251848269,0.9145081763870716,0.980915345256863,0.7562279801549096,0.9316895886747517,0.8649213581738506,0.7174500766384831,0.8393017047076077,0.9568804550519512,0.7607094966044229,0.7697152974448438,0.8960086510393814,0.8558744903780947,0.7857116564694198,0.9847078675373873,0.8342117852959097,0.8794494425050414,0.9448332967212459,0.9292598520169548,0.9300563866118184,0.8315098659271399,0.7048767872695871,0.7073603362559201
0.22222,0.7139779658625884,0.649577978979332,0.7755183579846646,0.7744700091251953,0.783395671920855,0.7592923642357525,0.9456821500831507,0.6453572032491215,0.8734311816646344,0.6645771559460054,0.6213874296581464,0.645570309619497,0.8378562189554654,0.8870491048185081,0.5497468038878218,0.5935586652716845,0.7460563293891437,0.75900818530192,0.7195303120563542,0.8578073880598346,0.7581355516944895,0.7415661690927511,0.7700537594993709,0.8880725303332073,0.8837164657082072,0.7973037484078289,0.7519815430124888,0.6459752602593145,0.6726442095052206,0.9220216083498336
0.22222,0.8035501174675536,0.6836210321442407,0.8844611395536017,0.8648904770312215,1.123575133591341,0.8535290541143066,0.7308308612550688,0.8341225532321751,0.6861770218429732,0.715559542599943,0.8760652266036552,0.7569661329165841,0.7242595732087702,0.8900861591755482,1.18887632396464,0.7936404127827682,0.7062015469104489,0.7624077067253511,1.0556229746264656,1.2728558723741017,0.7225067500256667,0.8002486623850833,0.7442018028283998,0.9228484626248713,0.8518335933039101,0.7829751723068713,0.8528422132570652,0.8062518241297629,0.6415442064866379,0.6982665888971846
0.22222,0.8833441413581306,0.7343317854031695,0.7209297238225342,0.7399549676853243,0.8268073332010722,0.7105693969254716,0.86493032789507,0.871655284664888,0.8486044623391722,0.9404956322687823,0.9567844774866376,0.8243931786012451,0.7025179719930781,0.707738132687332,0.6702295235824971,0.99736962785414,1.109107948077179,0.6343381848524017,0.8849987121336917,0.8302939772519632,0.7064663788045813,0.8368849179535678,0.8522363179085223,0.8887633095368035,0.8255092281425734,1.0162800563427927,0.8068929326935855,0.8991021067065922,0.7691821396116225,0.7972619890111641
0.22222,0.9895518567565951,0.8391390091792928,0.7905136476499729,0.8326190731516839,0.6809114898387465,0.9944064471474641,0.8232861308093037,0.6961334081672381,0.8650854396123528,0.9070685947165292,0.6215647723211732,0.6070094389664787,0.6771427976056836,0.9585793280426711,0.6827411857729878,0.5777801537858644,0.7929379817639529,0.991640490304401,0.9439828607786233,1.095052568499725,0.7388063967757574,0.9467188228027524,0.8952331906651368,0.8777926070963974,0.7714612059904636,0.6851020278724479,0.9213676460941829,0.6639492197515005,0.7765525312319523,0.8781010731171667
0.22222,0.8474794912163301,0.8474861824210272,0.8523699057350502,0.8369015967976164,0.9901224827248868,0.9060021702448722,0.9115116648182505,0.7915859244257472,0.8528540659558473,0.984551466525153,0.7982643913729427,0.9726017803168214,0.796576363404091,0.6967457852722152,0.9839486859146952,0.8439327367599363,0.84174181599122,1.1645998778424786,0.9779658719298066,1.0740400692265577,1.0681556162375183,0.8337303818343664,0.6213831206071426,0.732898649790082,0.6572735443590446,0.8826062810404812,0.8574188489862439,0.6243895372150845,0.8610029832025184,0.801112108974967
0.22222,0.8174809926520724,0.9716603147930857,0.7391857113088366,0.5827398161736438,0.9741738998736835,0.7527802741055057,1.2311823522968102,1.0094573146517922,1.3606142737424423,0.8771007397207512,0.8217800661798826,0.7250093498556143,0.9296046282506921,0.7973264854174118,1.0106273754684636,0.931906329006225,1.129622632659025,1.0207229885440197,0.960162834051076,0.7742971589655762,1.1477892716553355,0.8419068218565812,0.8456643719812048,0.8443367788536176,1.2608098983104028,0.8861520632229148,0.789431802308599,0.8363899873440523,0.804620300153343,0.7523475307942792
0.22222,0.924197081933566,0.750386473473124,0.7942163023778527,0.7853277491620142,0.7633226072842381,0.7365223005125967,0.8670958634330493,1.2785389851686475,0.8354272846509904,0.599969593891937,1.0430284914548724,0.9457633137948637,0.8516132793530486,1.078656205835566,0.7706739231672278,0.7126556698610919,0.9735710176276788,1.0014258151910793,1.0269839849152012,0.7698481549628671,0.846696881467113,0.8059042837833182,0.9613087421459913,1.1421995993617835,0.7598842048603874,0.8100061260547173,0.7475666549767104,0.9761725186444736,0.7975261311025841,0.8207756645572537
0.22222,0.6061237073506847,0.7630789908328048,0.7577179737998015,0.744196916905652,0.8971079625611917,0.7533182739871271,0.7884793789084301,0.9370565578802962,0.8082585819626938,0.8710538547380997,0.8888185360969136,1.0093061686942204,0.6231810622180518,0.8537111237962336,0.9038525149839082,0.71256391186491,0.7874351043084018,0.6273197126235129,0.7874430942078381,0.8293343366599235,0.7705282094588066,0.6462614826544857,0.7536155371309774,0.756198695705147,0.8777040589748889,0.7750202852524147,0.8084133939375796,0.5802843245578427,0.780121809181305,1.1523982745469123
0.22222,0.8956687762347214,0.8255166843466499,0.8634512986449364,0.925690063001351,0.8706725934982866,0.7888564391835238,0.9089687349211699,0.824167123927432,0.7160667564035834,0.9064217865008416,0.7739499424274041,0.7256226913677825,0.8505210496167586,0.945162781584231,0.591046363024759,0.7683936362527604,0.7853663378332426,0.7578078234602764,0.6853452556680767,1.0475131107733622,0.5666327136929752,0.7432148044088859,1.0249725554775018,0.9297186547045305,0.7735862075991508,0.7730317790087268,0.4497426279432973,0.6639451710662791,0.9197071810711712,0.9267977383298707
0.22222,0.7703743287795677,0.7163941850264653,0.7009793982100446,0.8027794764171672,0.9903331180027667,0.7524468021461729,0.9367512704119363,0.8626835634743792,0.8958391883151873,1.0956971177697548,0.9856020121256546,0.7540112032364025,0.9345503154573003,0.8958649493500367,0.8265050602852632,0.8478850225535207,0.7205564626239868,0.7202597850259954,0.6735979153451913,0.8438595751963989,0.8676675853958595,1.3137641366900554,1.1572342488076306,1.277776087031187,0.7683852383491452,0.8923125164294294,0.9009849961543932,0.7256427256413833,0.8251870992010283,0.8250577930882362
0.22222,0.7714384904355972,0.6013281709411855,0.9735425876514472,1.0062838503739202,0.7792033596350105,0.6860085062540502,0.6581413904752634,0.801843105189845,1.1567561420953645,0.7135691086670433,1.0175711621488257,0.9564827357171962,1.0471505934710539,0.6773596599895719,0.830836048407829,0.9496073687172879,0.9384117187391116,0.6463933796549767,0.8658751847223185,1.066221869514224,0.9065292180355796,0.7692378032774929,1.018953985666586,1.0111686428378426,0.6610866339528407,0.842369061793645,0.7243642306184918,0.7289810849095697,1.001536926503141,1.050673391882191
0.22222,0.9544234187974353,0.8094485034178801,0.8132649333961292,0.97269949086925,0.7318740705345206,0.6686717510299066,0.8715288667317304,0.6725891029028392,0.7090040047640683,0.9261683341172783,0.7618307974738832,0.7507851531146986,0.8883439576307013,0.5632611221450227,0.9041612383640144,0.7751958366128119,0.7784745748143661,0.8332424306526582,0.8499278102324634,1.0203311228079772,0.7847121297895688,0.766670599362731,0.7678032903382509,0.7784189041416656,0.7007101758281081,0.9443224486797788,0.7323495549580323,0.6063329210458724,1.300416581659859,0.6676039796846389
0.22222,0.792426033477733,0.6654717836417363,0.747806652638304,0.7604801328546699,0.7068638159688556,0.9884508862153472,0.8853664547852809,0.7689387953510796,0.8797847758177955,0.7594708268859959,0.9304808134113467,0.869977085245044,0.9565016862367871,0.7443092005993187,0.9027271265453807,1.2314903568538893,0.7310382552520488,0.6024331023328742,0.6114399734564749,0.7242910356021328,0.8511722971143542,0.639820554588726,0.808154888111073,0.7784762969818055,0.8194803343686697,0.6882379701302492,0.8147239463961042,0.7610616948033545,0.8916880805028496,1.0559355528741925
0.22222,0.7573910609908865,0.9122509630305807,1.023386511717235,0.8176017051729618,0.8766829236823998,0.9787840782201985,0.8365241207487284,0.5743386082301856,0.8791584526309337,0.8035917597509261,0.7584386761458385,0.9037225065848274,0.8013860219292703,0.8342727773474424,0.7139422430997484,0.7742454760707996,0.979543858619488,1.00442615935875,0.7036890695517978,0.9310280707163896,0.9048853894482212,1.0274219260752033,0.8229902518081079,0.8272242166460378,0.580037400651055,0.5289827795628896,0.8402556146256311,1.026251398774561,0.6998750643118664,0.907367356570241
0.77777,1.3755971408686114,1.4098598644890092,1.4588834338633634,1.3117632110738786,1.1667964462884235,1.170520074327543,1.4555309045596434,1.4782813949955462,1.1936349162663793,1.4884527564727512,1.4099849991998583,1.1095327189171165,1.2244227899885998,1.2426171137449393,0.9864683320340581,1.0204147403541959,1.2784022887489987,1.802741229467638,1.23820277371913,1.3325920243192664,1.773344151811325,1.7125657865792145,1.287752562798737,1.3406543507173836,1.0939706441831052,1.2201859908724964,1.60655002449335,0.9022562846517455,1.1131671962228613,1.351320131473175
0.77777,1.4229273828478697,1.0661633394153545,1.1420472393418342,1.490823524782491,1.6132603422008076,0.9915216966965903,0.9667404360631028,1.5061077093556534,1.4686174521587163,1.6184772255636786,1.1653941001207053,1.1565304849615574,1.2456916324744784,0.9291602701632115,1.4248390857902775,1.1230618189544948,1.6546547064858839,1.702614183059542,1.611398663508099,1.3939460090529086,1.4901149702112944,1.286197962563564,1.0167278312469095,1.180199080088559,1.2446904950645632,1.5963419271283688,1.818296889254989,0.9659365335642408,1.2770772935647101,1.5490277692888945
0.77777,1.5298316312853475,1.570580781001749,1.0658266935836531,1.2313280891360734,1.1575575982042723,1.0449671316173272,1.0523591499015295,1.0943170706377696,1.3391811228201203,1.7303669538515836,1.6604559809910142,1.150167500397046,1.4011407573768981,1.4250593052008167,1.1236053161934423,1.394476665232158,1.6942613225296563,1.7196363442507114,1.3173751346261597,1.8021413100170216,1.410620707297843,1.5463752426720485,1.4000193194775978,1.259459428672649,1.2414153296647317,1.1171165035879524,1.074087376876671,1.3196021686228836,1.3057638036771628,1.4767521168922941
0.77777,1.3693775416539133,1.2586790020762624,1.3779421509913838,1.2417258911719817,1.517016559847913,1.4415285953639339,1.4065312266978713,1.5753639079693047,1.0827357623592164,1.1800017150030382,1.2167902728857511,1.3236810808178068,1.4421650291165498,1.1758005286406676,0.9730523819345921,0.9542338410928966,0.9490491690839313,0.9790758433286356,0.9183858370079204,1.227772244882513,1.1946628870676554,1.087461387928492,1.0697316460407593,1.123826492768277,1.3451047547449377,1.5536326558527227,1.1904422269321804,1.391536385323124,1.1700070254320665,1.184652416481062
0.77777,1.1268851634336294,0.9975655886832344,1.1743674853756285,1.1923529135813276,1.395246224019135,1.3772970461345535,1.0559575255778557,1.029066623418784,1.0821908343685498,1.5945491180852545,0.9898999522422063,1.170169175661581,1.1806346739079483,1.474712073771679,1.3085047335609519,1.4329592287906985,1.218565331775836,1.3914677239600224,1.2687899812116286,1.121447823758248,1.364678599866697,1.2721698297185589,1.535584206293649,1.2959345404721625,1.2510261704783048,0.9722659834880809,0.9273415066444614,1.4825993285795407,1.3796347502156652,1.4675224984468072
0.77777,1.3059689304105404,1.2453649394189192,0.8414576400521118,1.3072562891414021,1.1977397140781436,1.4011385785409405,1.1512708381212629,1.6753442775816283,1.348437248916212,1.308345562202667,1.1428686756808806,1.355002636208298,1.0287804827636058,1.065521497249051,1.2445420865963128,1.015400781342214,1.4401225514489493,1.3467942851784707,1.7829857738803967,1.3250588527401577,1.3501151627998744,1.3552328096210782,1.3854943221430513,1.1182767918122096,0.960542992806044,1.361798937326258,1.4567498545394986,1.7762603447421466,1.1842662279563496,1.2665900684791347
0.77777,1.6129085972174686,1.3839389962466528,1.220331962363755,0.9410557951754395,1.0272908331318356,1.0800361037913047,1.300640195351354,1.25275175773412,0.8370605013969369,1.4896530268335366,1.524561665973294,1.4042019428246237,1.2162131230529272,0.9514769246048564,1.5781051019868981,1.1859119268590297,0.9568457424689418,1.083383935420266,1.4376632319399978,1.5242444743000194,1.5322182407196066,0.9230024183944517,1.3809852344933529,1.3503317390745855,1.380147332633336,1.3124887319390188,1.4389246882165339,1.1922243232560736,1.2340761104419153,1.3340007830930023
0.77777,1.1665918769844694,1.4312547097810324,1.5062507268410121,1.0752795541313835,1.450733274668016,1.4713336887644384,1.4225069678178262,1.3440232508096293,1.1530758156733978,1.27857111090474,1.1603428057510572,1.3976661563751296,1.643572863071544,1.0867727965620946,0.9179257382931797,1.2416963616296715,1.016912846783585,1.2336523750734063,1.2835365248940316,1.0826676291617188,1.3456030043112548,1.1556957859974801,1.0408881399602699,1.2701383858732396,1.1935910138329,1.400292302511721,1.2864759973945936,1.2738514183943186,1.4986233219154195,1.2044073535770783
0.77777,1.3527676907529986,1.3119560282301377,1.1608275684268967,1.4291745286506956,1.3001645580707897,1.539941149806792,1.2164272618297634,1.0837360733916153,1.2234375131433568,1.2280267861083332,1.1824488031016962,1.323375883507856,1.3962469393639338,1.4600819915393455,1.5384730366576285,1.275113034310783,1.1658595308056612,0.9719355707112158,1.3420354891785973,1.268014422730514,1.4063485601993337,1.3075118072682905,1.472257168806691,1.4169777145784626,1.1641389243763418,1.32456753631499,1.0999722719685956,1.2769795938308899,1.0117004267177567,1.1988009573258194
0.77777,1.2006798015041553,1.0905642398917519,1.0280877331184066,1.5116559656667772,1.7601756383545941,1.3372862401287227,1.0752048260283589,1.166426515075011,1.5632070967219291,1.7460538963870975,0.9366418812720235,1.7556993236568372,1.1780114862953326,1.279889224638165,1.432594433234497,1.1112861301405084,1.5570184268646852,1.3237901493612672,1.2852270563309924,1.1865835101798685,1.1378443141915668,1.5030772885300188,1.6369559966450313,1.4179616368334862,1.1765913458996013,1.1599995678478747,1.5541319406918728,1.4043856189550015,1.4179748310930318,1.1048331497315824
0.77777,1.2149702880178361,1.2046385362924412,0.9196349821804836,1.2473189441626586,1.2600833480864335,1.2584356782119346,1.4443842808827534,1.7436716883392107,1.2063287418421818,1.0223710898792437,1.0214051502415955,0.8835004209913057,1.308547159330751,1.2622206374165579,1.151258227342336,1.1899754074683713,1.19633392020656,1.287872433844571,1.303219137739737,1.5554999753154217,1.0396218298057849,1.498870572701291,1.6906301163199908,1.150020872427223,1.1124025555931027,1.7694744562235463,1.4402376342763001,1.434853977457012,1.2568315225877553,1.018244677424186
0.77777,1.5151998039328476,1.5360708551023745,1.2595912392834847,1.4583346888780655,1.6960307954093121,1.0455518595978746,1.093842449820872,1.4656066635288592,1.3200314763860383,1.4386380307447737,1.3195017987779043,1.2588727303969134,1.3574757856335706,1.246867584395889,1.2971947245130782,1.60979416063588,1.6679997255370655,0.9755135622604884,1.39181514161623,1.037316004556693,1.0549171486394444,1.3952046637307292,1.2963562109638676,1.4947004166472742,1.24418149274095,1.105942396751312,1.3252055472473878,1.4489344050798743,1.1985771945867174,1.2656804982803695
0.77777,1.4167047529309624,1.4264070456093634,1.3947404345091894,1.3041256861803388,1.1632039925747437,1.3685746234678042,1.1802561133911114,1.5072986602184153,1.2443154659600326,1.1880171458979354,1.0349328440102472,1.3669072487576612,1.1237494260214775,1.3293690984969984,1.6391586473894189,1.424077303064086,1.2265684235702812,1.3428165318403416,1.1670263123102937,1.3289975709005881,1.5810088447115063,1.3015368635626243,1.363543478770803,1.2252623597819523,1.1940903984867022,1.435268565765032,1.1677904243975,1.4258756683502194,1.509131378030567,1.319413006347639
0.77777,1.2498951716827815,1.134840642463755,1.1026453507783522,1.0380352889944713,1.5752506026866264,1.4988333808498038,1.2763280847739984,1.2712519258753472,1.0792287939051666,0.9922679541185571,1.2516960299962097,1.1362325311416004,1.5069355647793816,1.5124642610436376,1.2050314256489867,1.9258649457330543,1.399420565297587,1.252508467336511,1.3033077724168296,1.2036301917175625,1.2373924174391016,1.043446496482881,1.3891973478601047,1.4957587221805342,1.1257164550602843,1.4073297855401923,1.1248110573879884,1.0627646694490285,1.5823334194423486,1.4691650165764698
0.77777,1.131821159740306,1.0127987243840202,1.127820088861363,1.255151315677142,1.3348421061334317,1.1926247158349101,1.3412388999977256,1.4216649071060645,1.2481518387609876,1.1376475304030347,1.051524593851021,1.2317233823564704,1.3738038113812978,1.5905082051889257,1.40483918843699,1.4407414483908885,1.680661587519744,1.0974861365213016,1.3160220051310183,1.406699490380162,1.8165091611113122,1.2235562842673584,1.202935621684821,1.1723019747586654,1.0739975316632921,1.26639873883444,1.3551854764736073,1.416608677697304,1.5979969329117545,1.1722811820113335
0.77777,0.9260393707084911,1.0641825365800832,1.0738508529625241,1.3741619393822473,1.0865208392403916,1.2988689976568275,1.4423709608635435,1.06353602204116,1.2309461599760898,1.3180779901216395,1.370181147584525,1.3106758965059448,1.345547059862257,1.4608748664747015,1.34864149909961,1.3437913048439016,1.0886589564524873,1.1329248174285331,1.3467745764102264,1.1137598581309107,1.492158301548328,1.3106969022637003,1.4968954196221835,1.2632191704103843,1.160995643568215,1.1716307135303794,0.9442871909807292,1.1876144103446833,1.003639975059638,1.0708507850578992
0.77777,1.2826707736401632,1.1475656708413493,1.551868746583337,1.538045228118876,1.7522560797014302,1.402398625765177,1.4003225717421772,1.3018688018897868,1.1797553648491355,0.9535298258366492,1.3778038050347927,1.2534240388303324,1.2442860382253749,1.261866705088628,1.4296956102011293,1.2539373794684292,1.3928029830845965,1.157477158917558,0.9244647534258327,1.4672754175282887,1.2010483677259962,1.2841906898190314,1.2989292822717506,1.007057153803881,1.1454854692499117,1.7786460079287871,1.4959946214171402,1.1635556514596015,1.482812128819677,1.2649982609898793
0.77777,1.677568626705174,1.3621261322020424,0.876217898193336,1.4059243016110734,1.229799782829005,0.9841548190126129,1.316946142582775,1.0900996110796715,1.381081017837989,1.2113314681106067,1.5023777544782952,1.2410976540090077,1.4991168831340977,1.4861729200507636,1.3283017276399065,1.6728293452667164,1.2104357699828394,1.0477046233503813,1.1214943749696067,0.9365779359183193,1.1028153762963009,1.0286920787092022,1.1194235118425964,1.4589821814070625,1.1864539021353682,1.12116877505021,1.3633498263075252,1.4257856751380318,1.3323990692687322,1.1755456577297805
0.77777,1.1843315469633915,1.0636713290819149,1.0439715834882304,0.9812255788748196,1.2737460197591812,1.1903317287850255,1.2385198931819974,1.5461958827312647,1.2956807650062623,1.544379003796026,1.0725487752376393,1.3591485601484128,1.5544262538290214,1.47034874271066,1.3779567215144557,1.0539292310093022,1.2383691360267215,0.9671674347816729,1.396539976476438,1.4859487829854452,1.209656660565243,1.345206581890028,1.1159726658161897,1.2154977218965135,1.4164656279662835,1.2189910877301158,1.3617216995300987,1.5176849917784874,1.440309162464805,1.2748531161859726
0.77777,1.3395444220230557,1.3132131381378391,1.6326299117655203,1.0336709376921482,0.977155721632716,1.4426707858210137,1.348066551330781,1.3657054179460975,1.0969839960076218,1.2040650167404063,1.221149885488806,1.4769297338319167,1.113675425879519,1.360249380507856,1.1784078615874676,1.2684396066377295,1.1987183795187366,1.5657226827598594,1.591205439259763,1.1024738098732982,1.1771911988128836,1.033798192188085,1.7492736608386579,1.1397983005716588,1.2454213848142048,1.123540261125204,1.0700587988928667,1.172932242100764,0.8849621307719777,1.1659262083408268
0.77777,1.0779788546702063,1.33629054744296,1.4723328939074096,1.1176218304321046,1.1742015263445906,1.1655330512800737,1.0560664970051832,1.3288766707936495,1.4893921953063414,1.3698226883204891,1.2132452252700412,1.3446548757680317,1.1838383063871076,1.5235704630519387,1.2018084304820256,1.1608344745831534,1.5357228465034831,1.1037360257971207,0.9736831331652289,1.5844341098207082,1.0812243807782163,1.014092232882992,1.2099931899290985,1.33025002214099,1.4006810878701506,1.267057861235435,1.2267471743428982,1.29207243390846,1.3936572003395185,1.562522553911159
0.77777,1.7685213370710182,1.3285720468617597,1.2958454953661172,1.1777323267525235,1.2131308205499052,1.6102249759102572,1.3606476780991377,1.1933841388900719,1.1812231239533018,1.0247754776761995,1.010302410838359,1.1015915297810612,1.2099938400883081,1.0107350870976364,1.0696400218695157,1.1347402678606506,1.3352206663878197,1.3503318915550895,1.242934062635468,1.497666492685723,1.4230752521621903,1.2972998960202058,0.9783920546801684,1.1949463201922776,1.37471078504469,1.5445345703490847,1.1969999318081745,1.1538859706887878,1.3466526571641009,1.4783025567425476
0.77777,1.2379440219948157,1.4229299699120976,1.4275157496146418,1.002594815632673,1.1761352018093227,1.423406615932685,1.0821736531687838,1.1504677869425028,1.3676210844240608,1.4188440232012745,1.7000621354476233,1.1855939448709079,1.383644585576352,1.777145327305018,1.3680337908722344,1.494178741808668,1.0046578974350444,1.0047957333964948,1.0987649332747018,1.2021553643848275,1.656914961207625,1.2347588844125836,1.2190339018949985,1.2325389809646974,1.1342636319992927,1.289943970312989,1.6311599889475594,1.409378927389177,1.3488319927423964,1.248878970587419
0.77777,1.136905273544427,1.2643627354238909,1.3904566537440701,1.2630008386538625,1.0543869046209486,1.0254459623099044,1.0764731184545095,1.078466079577051,0.8330380936561581,1.455550085687017,1.443674226894238,1.309738584626119,1.2780359113417568,0.9741352164053771,1.5066427157560587,1.2458280940284254,1.3570135452294403,1.3507273338766352,1.2331896597584777,1.327015071856474,1.1914366797779354,1.3927221386557018,1.308168094702202,1.2927629339108249,1.486287099641594,1.4274977641684907,1.4182189327591272,1.2783615962289125,1.2347049770168677,1.503340825183268
0.77777,1.1263407756808792,1.16973992064411,1.5949848291754392,1.2743684778673905,1.2844340073901204,1.395001916903683,1.0817097265123583,1.1856535930483132,1.4230718725777836,1.7915859005632015,1.1853437737570327,1.66541608362442,1.2232705251316052,1.4540394922650675,1.5780364038783208,1.4692988501230633,1.2289693909215538,1.239778371833366,1.1950973759555168,1.7748781474392321,1.3626383417764496,1.1976838098976892,0.9391291453314082,0.9097647801693864,1.1048665210899336,0.9439214532244029,1.3065394941530073,1.3002827092347915,1.5581441657015984,1.097122714350016
0.77777,1.0540075821840549,1.3299426348828112,1.0116632786438038,1.0394723469107001,1.127760639468998,1.228046014266689,1.7165085415799402,1.3304624884218572,1.1475844952355407,1.0021643580584199,1.1011363474177378,1.0642264366199619,1.3153998513150513,1.230784198783365,1.0906823004844024,1.3151710693458507,1.1831398721818052,1.3045198307871049,1.3030468672224067,1.4497165596042645,1.4973282085226811,1.3733465784037284,1.0404873933336087,1.5220514838436456,1.7434473016303815,1.2769373829610242,0.9980526480291977,1.3869519899718232,1.6867190948881627,1.374814789934899
0.77777,1.0342679364699106,1.3278948351084872,1.9033158968345234,1.3423779609182063,1.3340422070166953,0.9645002012603201,1.1950469483308939,1.273165599863377,1.529820098288833,1.151113611148526,0.8691134711696259,1.0728643957813515,1.3840618672466178,1.4023759207831414,1.0441450524841087,1.1307488782041082,0.9430749208664699,1.1941359233163749,1.236781389458512,0.9547597680771375,1.0824937952564704,1.515385273344477,1.8138128312560904,0.8969138744960092,1.455846802492443,1.3736759953787148,1.3554986298959648,1.2376207588038892,1.2494230022076638,1.1077001916093778
0.77777,1.7782324792051238,1.2216617973195478,1.4492846430876754,1.2485336048315585,1.3455741393316563,1.184020932268888,1.4670726844042021,1.1183714557454507,1.0901447021748882,2.0142939239433986,1.2958668392833317,1.444010727083296,1.1179500896786547,1.217214306893211,1.5904688890669678,1.7117239398097372,1.3989360104001825,1.2882760610482862,1.0132694051965159,1.0885670596536656,1.7352314910420894,0.9508536622732959,1.6141113697255187,1.6398392194284286,1.5660599546973968,1.2469255912474952,1.5249954259869822,1.5024965209787107,1.5608722109919795,1.2697681225425228
0.0,0.6742913896274685,0.7447865254891495,0.6457514717772994,0.9818184436781698,0.9235019094873269,0.6405548514441022,0.6938924200082326,0.7056412211748252,0.7932886370414668,0.8620516974395699,0.7089584905191361,0.6994263952135397,0.7444948816715445,0.8003415369747595,0.669704156469653,0.7988955593033418,0.5812358325781555,0.4776017033419596,0.4622718863504619,0.7105484726628207,0.7930557407868828,0.8432842077307531,0.7993475531895401,0.7174795279621037,0.6242812994608699,0.6948539198396375,0.7543787734750217,0.7109605842438945,0.7310655920200358,0.7577749184830054
0.0,0.4218903743573807,0.5320938220018729,0.7576533340053573,0.5754885851725602,0.7469032422199966,0.5889816794644359,0.6677460978369479,0.6090589264854916,0.7935503411876575,0.7617368857517054,0.7825359716499184,0.7547044383987503,0.6977465434274371,0.5572162231206211,0.495314743235575,0.5242528904309367,0.8738638213880061,0.9713754059714012,0.7105663803500697,0.8400783984307267,0.7899830263176338,0.6568802459526287,0.5620367606603388,0.8551598051332863,0.6363194955532971,0.5508336118623047,0.6946618393563118,0.6731373805778847,0.606387854006812,0.7039077169319876
0.0,0.7523887810202571,0.5768334217764034,0.6063825879629144,0.8638063964657503,0.5377659888291874,0.7048393056395126,0.7396299285244176,0.968641968841509,0.8363196148156921,0.5652166630601162,0.670167875806494,0.8093828614586112,0.662158531429799,0.6823239847810881,0.867775577775051,0.5195113084513638,0.6103543709053214,0.6090965298702643,0.55319657543146,0.8409547092064625,0.6809420708908497,0.6818852677473475,0.8070064525627666,0.749733183808245,0.6056890415987456,0.6334836265852112,0.4986258672135105,0.7466692165734167,0.5979900933220497,0.7377473844966043
0.0,0.6534355319045709,0.870464191579784,0.664323580140794,0.6780686968347631,0.7574881899320121,0.6705688322617733,0.6321203905460056,0.9851632043672097,0.5942316792218771,0.5973222747150164,0.7002195714913476,0.7225743434120399,0.7321240926661423,0.9647735125542486,0.5648020293609457,0.5261215393498619,0.6817980517892032,0.6831283296475835,0.772192840949561,0.630439572279663,0.7619558518069728,0.7675693789170438,0.6025122933142277,0.842718322213973,0.85922664092077,0.7480142355739129,0.8572122502948921,0.6150017944498971,0.6153308063285357,0.7022140945499805
0.0,0.7900781093513358,0.6606896902339402,0.7427888347449048,0.6042151899727557,0.5293170506690439,0.5934649825840977,0.6270678232055497,0.7542033663661655,0.6880778665896086,0.7832558205728628,0.7013367683828943,0.605545355837926,0.6186753248165555,0.6473346176264138,0.7859561168668999,0.6053947695099755,0.6418245115176431,0.4207060335030141,0.5371377568989375,0.7249729164535702,0.6207717996934995,0.6762026207198358,0.7346122533273093,0.7020085254518283,0.6991166765510746,0.5625816370201664,0.6442295020932775,0.60184885913518,0.49610161571980027,0.5318395598480935
0.0,0.8041042943441301,0.6187511370683673,0.6387230994278489,0.6992192049752205,0.4920803459225112,0.552640112158763,0.7589494332295578,0.7226774485670335,0.9281228284154065,0.5824495977361965,0.7070313851291089,0.5472118664636214,0.7122894453377783,0.6787853165122146,0.5862141990835803,0.6297164998893113,0.854877678410682,0.7793896596167804,0.8680167442976979,0.7356322271213301,0.62974749452864,0.748977234949119,0.8275184715939748,0.6450031311465668,0.8739967132981621,0.7403425592976648,0.546934070945023,0.70347442196022,0.688372013678135,0.8051908693087374
0.0,0.6206446337254625,0.6485808459783938,0.6204916869581688,0.702699035096756,0.7776530035347461,0.6363540188559417,0.647675423985118,0.6765579789088079,0.8417094448010902,0.8442517395710728,0.7678888855072212,0.8154832848829713,0.7319959276485378,0.6426626719000337,0.8359815144410454,0.6473866932575217,0.6591150929593524,0.6915981082744774,0.6952897623798955,0.5517573767069968,0.8124384354076297,0.7100613519082544,0.5415451131407021,0.48735550283904233,0.8321481128551799,0.7507462268518839,0.5946633294195185,0.8174861477888016,0.8216282859894773,0.7311774961417328
0.0,0.8899780927829737,0.7439991105248952,0.4716454511116872,0.49279549147610774,0.4903207680097687,0.4714799395166533,0.6172131579145071,0.6484530192100937,0.7146283471662166,0.6544521580589904,0.7329561785340436,0.6063858449861085,0.7597944051113147,0.6176463035473281,0.5766798422875234,0.5674115590733905,0.6255268200102544,0.820918304947421,0.6270260171972141,0.6598665694595468,0.6047035979479692,0.8899713515445277,0.8123723186609352,0.715976990422004,1.019309569725434,0.7393821775162618,0.7226480101305632,0.7379178187849564,0.7572595481013767,0.7494417369435601
0.0,0.8229800799024386,0.6128789314096996,0.6724686324224721,0.6095349743436184,0.5192453949472582,0.6707875304119718,0.6762561454136625,0.5721566841695991,0.5575570914899687,0.4951092203188031,0.565000903315142,0.5116174226147668,0.6864507609638196,0.6612198740211186,0.826591888819951,0.8345195013807711,0.8458832308219579,0.8190291100529766,0.8287338482267129,1.0966070052475896,0.9055535038222235,0.5170989182240981,0.8408918333426876,0.8167524011966493,0.8042909898449263,0.838423980485976,0.7218882100789988,0.668854988082025,0.6981502309332326,0.8025068871856842
0.0,0.7701785059364058,0.6154023067560624,0.8011944539328775,0.7918426525532489,0.5953560127798592,0.6109727678846182,0.5481984906138905,0.7369808341608187,0.8846477388946646,0.6212421875378401,0.6109491371108097,0.7952829568472182,0.7947549137148245,0.555012052713294,0.6995182621093026,0.5683756785094578,0.771819604074961,0.5720435594808548,0.7211600039662723,0.6422808321568838,0.6375857253079008,0.6591205866718693,0.6180549801477643,0.6753737106322666,0.795835802599014,0.50688844069109,0.6912317667207033,0.7357272604093632,0.8268817908212044,0.7761310089328507
0.0,0.7074951313689423,0.6944124730073593,0.6140979664648156,0.7875021827143152,0.7222643741540855,0.6145222609340968,0.7962544573159552,0.7223427417439282,0.5465875665805625,0.6901458402366337,0.8568106426464833,0.6243434114930703,0.6967779094370277,0.7843507437030114,0.6915069713247107,0.8468670565394477,0.7057696479457487,0.5872354838933305,0.6761120389693716,0.6674487917324425,0.8208034098850585,0.8260744095941167,0.7876885960611623,0.7976772209372119,0.5748631838904155,0.8113485824190882,0.7159675147067355,0.6062598015755821,0.5543421473899722,0.7711963801852662
0.0,0.6657658546281191,0.8028323282074543,0.5986492121458996,0.6179846374250061,0.717675134865866,0.6468001661156993,0.5372165832948814,0.5775682509330465,0.6759778165938657,0.6975054181865422,0.6397803275072844,0.7510126983899569,0.7776941981609069,0.772637957900941,0.8517902057800993,0.5575516624662078,0.5378681598589119,0.6551828578754526,0.505101312272878,0.6045507667009864,0.7015736434444292,0.7357972077374535,0.6988853037406351,0.6998348823698756,0.7014557095768279,0.578817551578399,0.5943380893591728,0.7797078120153229,0.683953511192307,0.6388430723735334
0.0,0.5320342490751675,0.7057012513936864,0.6737328608461545,0.5992610509007857,0.4215806343015832,0.6547207166584538,0.6958277450941762,0.6155173758960961,0.6880405297799639,0.682420205534709,0.7295740808244798,0.5131632410993194,0.658916461812309,0.8051806127322664,0.845348155023057,0.8144508425833785,0.4697125822281741,0.7490836389207108,0.6663813733921973,0.7475886875974497,0.6746366319528511,0.6560170277396657,0.6700470195875966,0.6701760412108065,0.5624621202894605,0.7678599724991323,0.9129878283263833,0.7469065865670088,0.5624464089527313,0.6713454825556598
0.0,0.8669819056139387,0.6986778095902885,0.7460169059762599,0.613858641447832,0.8992788567578237,0.7367781379481012,0.650185370294502,0.8967855789057348,0.7622267410129004,0.8302800651087775,0.7515397569426582,0.6257533983226214,0.798176107020781,0.5887600899584022,0.6826282883544967,0.6899641133856295,0.560159136035666,0.7210347146438238,0.7074033516390369,0.6120027706365188,0.705039887976881,0.6232521405607595,0.5649192563306319,0.7412867400410984,0.6473697887290467,0.7142174085407942,0.7266172898282857,0.6644269026385885,0.5970031155617748,0.6484890778855016
0.0,0.5841418200652706,0.6504886484757407,0.8585203728616165,0.6411124589814128,0.5601064077036954,0.7371458162236336,0.5741115374239144,0.49785313723301067,0.7889271846595083,0.5409910878791765,0.6460765800863408,0.6830885639093451,0.6847836438715893,0.7675217504216256,0.7214196496542202,0.6784350569469912,0.6614479718935147,0.7752939152585333,0.7309632972730923,0.6469475654423756,0.6217699299164552,0.6111990772288376,0.5316695769867585,0.6353101902783137,0.7389733183684359,0.6729144526589196,0.45926329298029805,0.508040709564642,0.7334071620959958,0.7352084122112857
0.0,0.6181920963070388,0.7600560023413623,0.9724318636066863,0.8530944658487373,0.8403463545822027,0.6462841234135115,0.7627951783728121,0.7066824588045348,0.6667547008299648,0.6796671494679176,0.6633322714546187,0.6355742910810103,0.7011370712255651,0.6115145163903568,0.7190448479693139,0.8983918448596607,0.7125537130357528,0.5811328606858711,0.5097584140379451,0.6487104655489316,0.7281181227662359,0.9322896658096933,0.7279382094682446,0.6126655303344403,0.6177570279016799,0.5906135653741105,0.8486100678842365,0.8612474867563754,0.8056925798786646,0.8686620979375335
0.0,0.8585220656333491,0.7124352988347791,0.7310719018971522,0.6857173720239385,0.4214942469166175,0.656767558925392,0.5983057342842665,0.5123851811282613,0.6314562391560359,0.6821140527549816,0.5635298359150674,0.5879047374195074,0.5989476462082228,0.5942338548864218,0.4611494372370778,0.9315934927295804,0.6098915445150308,0.9048179450111803,0.6252023941624298,0.6658581822950996,0.7614307839466183,0.6448411653802487,0.5575383424514914,0.49636290650043857,0.7530333466440714,0.8548248768655036,0.672210253286586,0.541022056950602,0.601739026659599,0.7718534044382097
0.0,0.7049882355951453,0.7855936658369974,0.6935182117696014,0.7201810149315917,0.5318449613659324,0.6838147927895958,0.6524305702424084,0.6906477004688348,0.5920458318487777,0.5082753263285685,0.6010851302746155,0.6070113206888147,0.933029174047969,0.7972892819863978,0.7014053335044016,0.6839708180640756,0.6850335060499702,0.6825978868110534,0.7570483633472187,0.5855194289223282,0.7200492389803503,0.6745611752303984,0.8032438967276928,0.6605395666162024,0.7514812333412654,0.6645502170395168,0.6639277529785151,0.648622100828196,0.7052287274278073,0.6839006188514098
0.0,0.7386773761212079,0.570110572904384,0.6085364687290892,0.5506352364019313,0.5481384944425164,0.6506321390090801,0.8097093676808813,0.7890685111731535,0.609907865991495,0.6101819189272402,0.6436535892628812,0.5909170631710671,0.7448114919142169,0.5767927545299594,0.5873052371913907,0.5973699128253996,0.5172995291199535,0.5334454136195123,0.7941940285269964,0.8470602045517213,0.5201595351667289,0.7700524078955507,0.715728709030466,0.657100242354332,0.5738258973087053,0.6175418533102488,0.6586044940596121,0.7512531753757578,0.8632204197225106,0.636436004270815
0.0,0.5575950103597196,0.6500880765253184,0.6601805854850958,0.5353668542834219,0.703433165643683,0.6920041631958844,0.6564426397617426,0.8757367325991529,0.6911501016347574,0.6828949126483265,0.7883436275340462,0.6060141775072992,0.5008543192388875,0.45114474075003397,0.8272716088462243,0.854834334016426,0.8551398057837533,0.6717447060119905,1.0569788810876155,0.548080439333311,0.5168975817333948,0.6117515227239498,0.6721964660904469,0.9992796257668461,0.6550086041801312,0.7946706260444631,0.7640111225299148,0.5135652887307657,0.6819937080019577,0.6412110383185022
0.0,0.4995032863532738,0.7642828152715779,0.7428277193865548,0.6964966815017264,0.7482211264936018,0.7587994214530288,0.5724568554784742,0.5952132280124424,0.6703687597585026,0.7592779016682901,0.7248174669998388,0.624816479284958,0.7982900735205937,0.6375447397510774,0.6924405649981357,0.7231085469534873,0.6026714875580247,0.46937420872016156,0.622175399545047,0.6590173112106962,0.6842714372394869,0.6975305761571929,0.644830319520694,0.688483395141526,0.5731742944168187,0.5997563190552112,0.6586224397911757,0.7422252865739623,0.5920744438804338,0.7721983837688212
0.0,0.8282539890657629,0.6046460598508916,0.7730050037130152,0.6005667709115999,0.604900209958252,0.8203098710651369,0.7382909816030241,0.6209171284781053,0.5542406706539704,0.49645288088428824,0.6923925444478419,0.6234627649703377,0.8620032241234734,0.7571084652046253,0.5818446261315426,0.6753753532420764,0.6960320515439584,0.6935734325703337,0.6197913629453785,0.49780370226941595,0.6916232669779061,0.7761914288413116,0.7949069581909713,0.6994423983078516,0.9209555947632857,0.7087793255712745,0.7341671041212486,0.6247201611575177,0.6541398056985023,0.5414140744131785
0.0,0.7915511268780098,0.591802790704973,0.6150728576275853,0.6295692093411493,0.736230344417997,0.7456508268355151,0.8434645565934251,0.8231629894154295,0.4843993175578463,0.7874142476429227,0.7100804203832283,0.71346515351539,0.7961260397991466,0.7000174631095678,0.6437001475210203,0.8139891713726396,0.6443250161953122,0.5743861420356879,0.7909134324662808,0.7921943805821186,0.9753354693032376,0.6957506685467871,0.7964615388241912,0.5923802030151641,0.7802331973195489,0.6256461904269377,0.5776588252229895,0.6167957153744255,0.7565916732634467,0.5904870111533471
0.0,0.7534984042289974,0.6274287328298893,0.6863936427009002,0.6324729715283484,0.6033505917442827,0.7197546795167159,0.72571000353146,0.6865589026417829,0.8562091854513628,0.7244932448810263,0.7421980062451066,0.7110216025473405,0.807391329714928,0.7644041603725961,0.8035910643201153,0.6172278010386516,0.8177787574451457,0.9675279595060101,0.8957071784932555,0.6934894196106856,0.7009147781528292,0.5842878998944814,0.574733641866172,0.6545545720099818,0.7044516562702844,0.6089714050949224,0.6760000705717161,0.685873154958172,0.7405788675637732,0.8450807910438306
0.0,0.6402536692518694,0.7007753814449068,0.7835662102859358,0.8063759125467066,0.6670397180277193,0.6720762837171435,0.6585353721987989,0.7597559764426984,0.7996773573310844,0.6132946439215962,0.7175789709564003,0.7663737035368942,0.7900897494398614,0.6897759456015079,0.6751306772172523,0.7090973465716274,0.7217148145541536,0.7181149635955806,0.7319972373590923,0.7667786781395107,0.6307942347849567,0.7069864975403785,0.9420402677460266,0.8133748282122877,0.5501662209470453,0.7775880406800812,0.6517286193818687,0.5039937859428447,0.4753519924705981,0.6857443282932326
0.0,0.6223294960334955,0.6392607321246171,0.5562981314120187,0.8336708584172431,0.5805436924233686,0.6572357472565731,0.679411555429548,0.8056753660094669,1.0072629276800835,0.7805465942503153,0.7548970360419138,1.0218075289359918,0.8284760916839812,0.719040059134923,0.842266567669821,0.6089318153473801,0.6159454209706267,0.7547058520226222,0.6079279529237943,0.5522871666373869,0.5456962334993292,0.5683886602871744,0.7084926323034567,0.6920852384668348,0.7157447152880343,0.5577949711880903,0.6179989271008599,0.763296062254512,0.5742093597918941,0.5955961779816824
0.0,0.9963736857536847,0.49966346638100606,0.5583477703616018,0.5899238542399473,0.5549977115540757,0.43908532769965275,0.6354710080908598,0.6203702812264167,0.6699000140774083,0.5935375585986847,0.7828934380249759,0.5913934580189999,0.6805075119444376,0.6865059094118093,0.7664303518462969,0.7605210956036458,0.5661699417532577,0.6870342541703177,0.6454253295442548,0.6377410082157459,0.5758808678403373,0.7109603659459345,0.8202209354784742,0.7917800084177273,0.6493808719315578,0.5142393471995053,0.5274413850428877,0.6878512681142924,0.5836784722294295,0.5161214614645299
0.0,0.6229568794090525,0.6471053183396949,0.8932610126848066,0.9989595395995866,0.7177953434237933,0.62577737087728,0.7149871286986452,0.4750814734594794,0.563946586228026,0.6930125411682627,0.7813810521208191,0.5929097562561639,0.6337172947767207,0.7356765055716756,0.7178732386542331,0.7993528810719533,0.9163587820767887,0.574567048955565,0.5579088027047903,0.7030777619023295,0.6742122989683009,0.700975113421852,0.6795105304513748,0.6072450599043726,0.7897972804805479,0.8221395159009872,0.6400525572145396,0.6657868811681363,0.5082434922141903,0.45652667991395113
0.33333,0.8009028862862354,0.8954361879579159,0.668005988775679,1.0501823952249671,0.8224053406012937,0.788938058955534,1.129003576321855,0.9376520809751533,0.8310492792287107,0.9275650056908529,0.8931004301380182,0.8282683721008963,0.7414274804029866,0.8500942028231251,0.974916357571393,0.8968682830132089,1.0352181720337161,0.9313257409670546,0.8456694160865726,0.8802178521402514,0.8041420303242565,0.8522351868259264,0.9423687830186958,0.9829810865136912,0.9616630264988719,0.9248786552649108,1.058730596767791,1.1126748524294159,1.02932107396219,1.1567599922302378
0.33333,1.0142778562750676,0.9707685772209232,0.9212851364326918,1.087394133591875,0.6674667875698715,0.9631548350228177,0.740931637979805,0.8775013939293348,1.1086363569684632,1.0026143771506468,0.8818490874404072,0.8532733777751427,0.8171476644600303,0.8872979977777244,1.1276444294380403,0.9364905146382762,0.876503005385861,0.7092883173466886,0.8267102113717714,1.0009111186135506,0.8437755958822215,0.8744798402752357,0.942829055878099,0.9477384273581837,0.9724878744419098,0.9499808187529297,0.9325237293476749,0.7602553838684747,0.8247571794608533,1.076474767421718
0.33333,0.6196882764837761,0.7163058786758951,0.8790854368506824,0.987792323454131,0.881038863094553,0.9832268783578657,0.9561434353671987,1.104100178179549,1.0145500014741227,1.1348823763325815,0.8650429530909455,1.0102970895405088,1.0389619673014379,0.7417021931325003,0.8523744916014167,0.6695572123432059,0.8851418790064096,1.3281690308846688,1.0926947011048045,1.1497450052511473,0.999482987529816,0.8571469282932471,0.699007553624941,1.0985994592075798,1.2392625706869476,1.0556367471391297,1.1640867552184286,0.9001366480064797,0.8021481712195156,0.6618159314100663
0.33333,0.938190182234589,1.10155367735643,0.8418431382047342,1.022027808370476,0.7891015880225086,0.6452826198695406,0.876798719436148,0.94017630266139,1.29689508052209,1.1264064840402164,0.635276753629041,0.9049617609972528,0.9495678127909021,1.0167635283844394,0.897724218495832,0.78116060057699,0.5888871406884151,1.0273475161818646,1.0619772904490008,0.7834018526329896,0.9944893195171084,0.9934641822011144,0.6280039841817338,0.629305892785425,0.7235436481977674,1.1901893553283396,1.1717050992854154,1.0090876759310157,0.9846312659186746,0.9238941647388595
0.33333,0.8819459105215092,0.982578243689418,0.9270384617958961,1.3165773622910175,0.8070699053495881,1.068824117640082,0.9439394225917802,1.0540175198797341,0.8480942920466082,0.8744338275733287,0.9314361703004249,1.1344965389766357,1.108449934206711,0.7583608990822898,0.8431433076309494,0.9095069036402018,0.9139051738610925,0.7780410958408156,1.1843267694922293,1.0485342515313052,0.8997842650342044,0.796800561843482,0.8439425642013377,1.0243353141848666,0.8340431524534481,0.744474896968729,0.8922030741966753,1.0411159872828593,0.8832549589824833,0.8019419296352773
0.33333,1.0306253951195434,0.8882664613166775,0.9469052260092012,0.9364959952433576,0.8882956463426872,0.77204926399479,0.7761650289756354,0.7042455622413827,0.9278320081376287,0.974591214665634,0.8608343217712697,0.8530478340503089,1.0648558549574387,1.0260050433059524,0.9498422311435045,0.963581365535743,0.9200666654617742,1.0172128859621112,1.133433520090873,0.9601609884295207,1.2384821006324482,0.9788155913506928,0.8545036901100065,0.6652041897395512,0.8190538613291173,1.0694691377010417,0.7694679081136943,0.8756682945923506,0.8185535542035618,1.0641049207873712
0.33333,0.9832187750297376,0.9356258729401022,0.8979573406949132,1.060293243526636,0.9428023264048078,0.852421934129294,0.7064174394683901,0.8625952751428742,0.9105692422896332,0.8695895757226209,0.8443063492010318,0.7812599988886891,0.7159695582064757,0.8713013080019072,0.7984718232408687,0.9647520324269003,0.9756750824241166,0.78335385090777,0.6434825545816599,0.7312421928619948,0.930354094702669,1.0572791086433435,0.9765744560521052,0.9160927386762988,0.9056158274892073,0.9800531643134683,0.8908738781351447,1.0117654182495879,0.6998280185548656,0.7112240130792712
0.33333,1.1383294257061087,0.8175325367570906,0.8265329468211174,0.9121724344816043,1.1918968011039068,0.9570241533505531,0.9706202470868952,0.8994194633243164,1.071173806620689,1.0706887786637547,0.9075328346829036,0.8248189382662494,0.808026271862282,0.8901052876271756,0.9282435324855514,0.8148504348904566,0.7779425663023739,0.9012082336449341,0.834356581506112,0.9653109567512801,0.8371886625053232,0.8444315133068981,1.0710907869449713,0.7081215501717628,1.0987155588858064,0.7035359574287621,1.2335835777806787,1.0050490018195142,1.0246965941906474,0.9634343680151374
0.33333,0.9909661846159279,0.7707544379743643,1.2959562683625154,1.049790670920137,0.9024319442432203,0.8161044357858093,0.8811249423686949,0.7922273310838196,1.0994621889463063,0.9946757482226313,0.8427682181993901,0.9558298808829356,0.9657345593978949,0.8739974600727204,1.036000142026859,0.8368330673396843,0.7340396082369125,1.109667150405473,1.0021583236912033,0.8167368088251219,0.749882669876285,0.9249691624897037,0.8806640656683327,0.7462989564028876,0.9908857529732653,0.9371162789868147,0.6957575226209676,0.8332310404541914,0.8216029041847713,1.0130651033346008
0.33333,0.8296354664921951,0.8672978323866936,0.889954104960327,1.3382590633887024,1.081360185052056,1.0713452852240195,0.9607460328889825,0.8452602912827696,0.9336420924815015,1.1788165382499527,1.1987374734415277,0.7061838895954428,0.6310064815156339,0.775269084924946,0.726936748289707,0.691042005265867,0.731546754214284,1.1140862519062444,1.0729720384168404,1.0251517897645408,1.0011087515613966,0.6216715437732775,0.9135886397395909,0.8509567404965622,0.7954680023115871,0.7705236628762138,0.9660492239504799,0.9828884126407975,0.6207815411354891,0.7970404794634177
0.33333,0.9266049854240177,0.9563903810449587,0.8202518779093231,0.8845426289174186,0.9581913372632218,0.8718400043073395,0.8851291688584427,0.8201670241300514,1.02322367925621,0.960834796519979,0.9725147327841147,0.708017217005664,0.8467979521690454,0.816540883049533,0.8669962540687842,0.9157395866811778,0.9650164999196642,1.0786920220698508,0.9964222516293872,0.8662581570579799,0.8617466786482445,0.8749489010514737,0.7567262274360719,1.0123075178034777,0.7166372085066834,0.7961196484128503,0.9537713379839884,0.8940630214497346,0.7956846754724155,0.9548001033764643
0.33333,0.7022809771806663,1.177300038270394,1.2159879199684533,1.0955331404964113,1.087160903940081,0.8426571586704938,0.9231663864079305,0.8146119145012238,0.9718163780113306,1.1032896946028516,0.88108604253928,0.9654230247653082,0.9383608231502385,0.9328240909479074,0.75739636596049,0.7706103902274409,0.7809207822137174,1.0901627421936455,1.0232920658909965,1.0609533010275598,0.828147657933679,1.0969414963749464,1.3227768042955146,0.7821176544177978,0.895046729291417,0.7829515634780141,1.0162141205842476,0.9199116157873133,1.0216735081559907,0.9419915066215663
0.33333,0.7901471943914584,0.816894385108936,1.142422193741914,1.1798373776500333,0.88539817079501,0.7489487656972783,0.8645940674592708,1.1455876852867264,0.8689169779240965,0.8658689467630659,0.8276672392098,0.7344665487739094,0.7960069369845574,1.1799150282932638,0.9640883924001377,0.8104703699521363,0.9175185483808446,0.8895147056373516,0.9218632292269902,1.0248982861116813,1.0862404832831287,0.875569076442516,1.1199013420085362,0.8692942987530952,0.8253829350541216,0.9488555744311437,0.9848983192472098,0.7841245853962631,0.6192529673083966,0.7478785901831996
0.33333,0.8854758739619001,0.8889989269636837,1.0470330253012392,0.7632660377806105,0.9045212803264108,0.9539774536909227,0.7964003196008753,0.9519172530353793,0.9382967078487767,0.7101828580735108,0.8697318430908667,0.7264505356939578,1.1336061140835627,0.7883429333861545,0.8550528216608543,0.7273362785591625,0.786035549645792,0.8643347215688105,1.0103031292111926,1.2038950152247936,0.9756284041359432,0.8933924087094898,1.014302325394039,1.2351783658573694,0.9730663608467788,0.8355874992374285,1.042692963924976,0.839146954874032,0.788242598125732,0.971264819738558
0.33333,0.7878132365796977,0.871691655442591,0.8614057208268723,0.9529082681006135,0.9880958020333017,1.1588863809263954,0.8610534533766049,0.8699400917923117,0.8090926153178272,0.8085019840349592,1.09906691959939,1.1235373351367388,0.8442465564467865,0.808990821442155,0.8016917452106233,0.8460063257364572,0.9873151242696478,0.9456858907687887,0.8421452890619525,1.004758269313247,0.9122741276556816,0.9574250443964203,1.084484944771644,0.884541337145648,0.7087966414860513,0.8407410725556332,1.0186143831934944,1.0476263612793475,0.8148153532805035,0.8913076225129193
0.33333,0.8071746574303929,0.669824351034499,1.080344859991854,1.0259357358820602,0.7876981787621055,0.8685971689396729,1.088663552143619,0.76609819958187,1.1038525864473794,0.8435808925259839,0.7507096236612394,0.9265536033286561,0.8032400686672675,0.7407481114524387,0.9312327447953747,0.8154900172206739,0.8432660967701894,1.2882319439364145,0.9752597743878275,1.0345678300521923,0.8186933430142954,0.8315659807419826,0.9285300905733253,0.8787753874992097,0.9222534545571069,0.8380317709544386,0.9249171754750639,0.6730420562834206,0.8924354947659512,0.8892218825868089
0.33333,1.1229243967331946,0.7190856420448736,0.7917710592543665,0.6768014851241771,0.91130282994931,0.8397044435159913,0.7508899038915867,0.7817519499583316,0.8368343332803189,0.7858378846499382,0.8813847812986948,0.7054881891886974,1.0477895542153854,1.0558391782658951,0.8429652491381648,0.9658381788272485,0.8748231342945367,1.0665693757288621,1.05804724005094,0.8635646278312911,0.807105080790807,0.9085942280053929,0.9675294154114016,0.8357672301731452,0.8044678054627578,0.8885298666566845,0.8315685083047082,1.0752770467642998,0.9427013371375371,1.0565774005846722
0.33333,0.772541941212388,1.0022168045073339,0.657788023379149,0.590198096152508,1.0218103551200168,1.0669842443345876,0.8120976309040924,0.9987445073114929,0.8453113824823087,0.8210412204891597,0.7964735501533959,0.7895881250286158,0.9643354441823916,0.7125431288122651,1.0961931792463306,0.7768585586543573,0.8754146981169626,0.8172624667872709,0.9329449125627712,0.9217985923214634,0.7485123010733852,0.749176522313464,0.8794570482905038,0.9362082718227039,0.7518803304469048,0.8549430848895759,1.2384677876015366,0.9753892816539711,1.1819274324168165,0.809407736080848
0.33333,1.0437252088389768,0.8553472528251251,0.9601353305752937,1.0595431808986897,1.2436072526033777,0.9133994801628745,0.7179334539472679,0.8516896213985178,0.9768230232974577,0.915626763143169,0.7039910200673581,0.7641041502739989,0.705954373224129,0.8086043382261987,0.6968589576735554,0.7086378514357988,0.6637676657002514,0.7993935511595145,1.266426779469047,0.9322488021723827,0.6654405826421287,0.7931061471237479,0.6825284659762249,0.8228190027753199,0.8368315929281808,1.1007227882237576,0.8001967035839123,1.2131824483918443,0.9330914676651442,0.8312978196372283
0.33333,0.9930843185068726,0.9148409846562968,0.7910196657657014,0.813591744332926,0.8093874279073299,0.993260915945878,0.9176507592574092,0.798454330618759,0.7816946143683153,0.9282952454704518,0.7815419439211836,0.6556306262795252,0.7553630482003998,1.0587591818566928,0.8422990863379116,0.9597342724309881,0.8962886698361721,0.9706659199803955,0.9134238667802301,0.9493756515686144,1.136337366068435,0.9373567220771886,0.5736032117211649,0.8696756090428075,0.9444777383772084,0.6809227164936352,0.8210004004473327,0.9032988955041661,0.9023510516824079,0.9387606031948027
0.33333,0.7197282152579603,0.8194066632361441,1.1755363370805016,0.9807764873491954,0.9191295141407689,0.9950175282597447,0.7337647952496376,0.9396218921437732,0.9816777129044856,1.0060470138246587,0.7646574703211505,0.794088218585411,1.0265477670379566,0.9488097521807888,0.8235331761067891,0.9030423736488615,0.7939633345672932,0.7776450094148797,0.9280622551585437,0.9182790339472192,0.9198278570866274,0.9446781225888622,1.0233926602866632,1.0104622545102893,0.8875598499029311,0.9290129568564731,0.8958611413759098,0.7800846116398198,0.8346755041419117,0.8602156066766813
0.33333,1.076286358528835,0.7828658319159865,0.8981717792988946,0.897897517107289,1.0556606388937253,1.0201777895435302,1.0504460482889162,0.9328482269021942,0.802627205260496,1.0019651114308303,0.8743738179797237,0.970685514134219,0.9642177714245899,0.8911104003439587,1.1729417561947804,0.8674112097936488,0.6117461016962897,0.6463066415911797,0.8330346058472754,0.876640808831921,0.8018325796574339,0.9197718314899858,0.884586613151447,0.8021786189301913,0.8400716962286425,1.1100036898676158,0.8697861140488623,0.789788994744743,0.8250898151876356,0.9199906919655262
0.33333,0.8451565993124219,0.8659259561637098,0.9303482058257597,0.7869122623233387,1.0167374944188539,1.2233131131056114,1.2070509183489762,1.1108319550343533,1.0176415671114585,0.8015084785182456,0.9174917573838334,0.8866033161647404,1.1519056700996049,0.8284090781848179,0.8277530045227419,1.0518616442879334,1.161958249515083,0.8002095728705114,0.810759073383322,1.1582875737707632,0.7589601277054238,1.0133421468760266,1.103388470388174,0.9853039937189413,1.1666356419136235,1.121985215930927,1.12837675351272,0.8268675857448224,0.8367431065942685,0.898876060966694
0.33333,0.7709329774663103,0.958587977028149,1.0951994400853873,0.835284572665026,0.8159771241256516,0.991514817808853,0.8182561117825197,0.8112895062923682,0.9986253227349757,1.1609024807641481,0.76563734249309,0.9057846817683894,0.9104856342617672,0.9567083738391965,1.1271088452298657,1.0544518687374231,1.0238564504542293,0.953334010596452,0.8234700122550292,0.9274882314643956,1.233641548445904,1.1545806372936442,0.7659147369965981,0.8994416436329912,0.8914368100714131,0.9494678493813853,0.9768087883546652,0.8605851806052,0.7962192597386686,1.0480137268821272
0.33333,1.0890951915346132,0.9315035372682038,0.7799982818838177,1.0971025014378457,0.8072070737048349,0.7381595547824458,0.9489919300721525,0.8099437228869382,0.7524588295234275,0.807136392827826,1.0137311417945354,0.8047578822661527,0.9337385964465875,1.1007548953074784,0.8371735141036679,0.8279615934598085,0.815524789961645,1.0555350949535391,1.0676689037157931,0.7951113465439251,1.0138101421582804,1.064758514587206,0.7949939584432267,0.7775477230500654,0.9141088445523832,1.2604337396326994,1.0219842139456508,1.023556791651555,0.76465759163504,0.9822851436906956
0.33333,0.8215205868167121,0.7881153031457595,0.8620052096616374,0.915374560130762,1.017429000735405,0.8570916986610805,0.6855509486407304,0.7917308937067864,1.073559258742795,0.8671050855249773,0.9505517232174778,1.0181867265697229,0.882748123487336,0.7843267639887804,0.859259805998271,0.9565991650159728,0.8396598725153074,0.9817690263688582,0.8645322448698649,0.8152121265083188,0.9112359464859873,0.8391871184655989,0.9266971331952227,0.9081475991936064,0.8778923304748271,0.8103934700251443,0.8505744065583639,1.0552407487558246,1.0039355018289822,0.7121520489518033
0.33333,0.9640571393019903,0.8728604475002382,0.6258103732308502,0.8590351595829001,0.8769811993710801,0.9751555063112907,0.940003705255054,0.7321993198791089,0.8228948976212078,0.9691592115900833,0.9092049208174746,0.8160656994807621,0.9148199430521382,0.8297947148189285,0.9466562368359928,1.1235933341096684,0.7884278750765521,1.0190460423990086,1.0619173381539844,1.1510166528065702,1.0120483224394372,0.9311672553436444,0.8804594167613097,0.7435160146757954,0.7791362758333953,0.6186904579241133,0.969203692334467,1.0260223694363428,0.8252236229051847,0.980849526891311
0.33333,0.8698614267894417,1.0052298464993914,1.0134001535530321,1.0830317532058107,0.8668094721013976,0.6940687885317465,0.968665209599693,0.77016852808697,1.2382355097036395,0.9649368698251006,0.9913754264905801,0.8046676657833952,0.7854633236266698,0.7615755574476274,0.8681380116046964,0.7304859755989955,0.9281450683320126,0.8721381053281743,0.9428136903179163,0.7705635062691375,0.7942009512916415,0.9139149982557117,0.8832823242245996,1.222111109732434,1.1125053001949394,0.7968469787527533,0.7845378856051209,1.185640605346324,0.8722601225217175,0.8607540875775691
0.77777,1.399251453028556,1.447966667410418,1.1793846870416347,1.0336212901892423,1.2380663884180054,1.1405653140440857,1.135930152235196,1.1774026230989973,1.2892854065801043,1.4432486080804152,1.8870387319775996,1.2283096554272226,1.1542441084596486,0.9706541402524165,1.1053696755133664,1.2927429184234511,1.5112668052485274,1.4738002739026106,1.092021534574999,1.3935035686975306,1.4913247363622013,0.9716131760776442,1.4580099644445326,1.3187493347088233,1.1668996473480358,1.4233487152125857,1.2254538864901299,1.4347134090046885,1.545153476826026,1.6185535514774467
0.77777,1.2504448902159662,1.3102406121184453,1.1948591077787998,1.230119914278659,1.3204239306293404,1.103692213749434,1.1218186049285301,1.0681431387347038,1.439850030062015,0.8821758408849172,0.9763467801275962,1.428051223114366,1.0780422053133802,1.0167319280614584,1.588086657149234,1.1534755611984306,1.1175267610816069,1.4237411042952532,1.2511834086921159,1.1321452576266864,1.2500748323206283,1.542571581022837,1.363143826095497,0.986490265254794,1.555424579789594,1.8999519567137462,1.918021447574484,1.2987233540315404,1.2039983286931135,1.1119184815209846
0.77777,1.159637403079213,0.9645960194216866,1.1096587289039181,1.5575927637524163,1.4176932568324376,1.0077825302824985,1.5935691401428604,1.587689169983124,1.449900286097644,1.3695473682231385,1.222998084709812,1.6855246472033754,1.0137521698991283,1.145462181121268,1.3331047332303583,1.677867299238668,1.0757536887512755,1.2698132704955207,1.5397476578931228,1.5816999977365924,1.325950337175159,1.224112570196132,1.3759023805978243,1.3568717332308096,1.2130078831000293,1.1145828196711087,1.4209246099222068,1.5603090595396572,1.2931471307629143,1.2939636738953813
0.77777,1.7779154490399962,1.566525575424801,1.168657856891771,1.6598397674923904,1.7227715643920403,1.4332248079656684,1.4566219234391502,1.2563364541213893,1.1576162704887476,1.4010020044551017,1.2720840531819413,1.2401062279726198,1.3259972230930637,1.3139447941295455,1.2626963837818368,1.1859147490462039,1.4626969835751928,1.3895091100740409,1.179945196617949,1.0857169320036377,1.0990729157806134,1.4066570162946344,1.260344824167215,1.3058535669793612,1.4269718694556466,0.9987753465444196,1.2323086699381904,1.4793641963201332,1.335086454827413,1.7188334889301837
0.77777,1.469365308067562,1.0480922889458748,1.3828368495868393,1.5034136596487646,1.1223535648783056,1.0155130070951652,1.594446346587917,1.344319965285761,1.2683984453564765,1.2219526289735212,1.1048557536436303,1.0620224670277856,1.2252951430273198,1.152052204508546,1.509284936519208,1.6590577411484047,1.2525720431932215,1.1634656450589265,1.1353252775409481,1.1591975896725442,1.426454188550825,1.2307867127052696,1.1590001418399658,1.2345260320417293,1.3442368578316644,1.3060174080504177,1.3451987923519844,1.0846716003585222,1.043039066645911,1.2698988646325624
0.77777,1.1879026537466388,1.2671976437777246,1.0719172793150267,1.0246440057334925,1.2740543239040667,1.3998929793565744,1.356618356786802,1.2742567530395672,1.1423236188862835,1.0616220027084977,1.027734722844958,1.4066585719174107,1.5426062074532714,1.184053625447835,1.212033155139689,1.4163410556586709,1.74416564385097,1.3451466810162764,1.2285619619280597,1.3641700111749824,1.6120328120190686,1.99181752862085,1.3908634592926055,1.4111109628001532,1.0499969434332188,1.170464002721575,1.1346489745321375,1.1899062116348806,1.4728768585990055,1.437236091754009
0.77777,1.1963743754284282,1.1922770838189216,1.2698975036527298,1.3560917072401046,1.2069604525325597,1.2324758331498797,1.0604859787649297,1.3621902157087538,1.2344717924262525,1.7961614817973686,1.325074027721903,1.4770888589210225,1.3330168813192418,1.4025491926058846,1.5378555525126596,1.72333722077664,1.1229960641514822,1.5901652416468441,1.2086732435071483,1.4884833376727509,1.1567742827756826,1.8744543407143561,1.6737381263720195,1.1330882402585847,1.056215686110985,1.2591686076132163,1.078057060873979,1.1994683624552884,1.150184086539364,1.2375773112787605
0.77777,1.2643100490682508,1.029987671140095,1.4857491909555163,1.6640368619225985,1.1862119713144992,1.1352429662879042,1.3861182628019737,1.211547015560749,1.021226527755263,1.1694778707831694,1.2345431736201267,1.348316462597723,1.398665597862774,1.3025438804514715,1.4674173115812437,0.9222175233786957,1.2673152781801436,1.4334780340220274,1.1678497894267956,1.396402342137792,1.5792851470329634,1.430385949938743,1.0101120978265679,1.2503005083835057,1.2607087772392598,1.075447049697856,1.3214601407437112,1.7020821330621996,1.6266911977124474,1.304153749753899
0.77777,1.514201536247973,1.4034335991167026,1.3636451039637236,1.1083245077618447,0.92642490133081,0.7889419317352403,1.515517120205659,1.1478726241575492,1.3428241654477577,1.3735565131638008,1.2593822580786171,1.6096093708463766,1.4376702060833513,1.0368434938578595,0.9855269424703197,1.1512495916660679,1.0932570072173324,1.103071570505283,1.3242271393574963,1.1322357264583829,1.3940109855112086,1.513466534126088,1.0572465347498736,1.0612217483552335,1.0561984245445022,1.1772636308741578,1.2963347352953285,1.2142980990257042,1.3785595059496787,1.2558274791106385
0.77777,1.2266723936123165,1.4755731998527815,1.0900667235324002,1.263678581914992,1.4378639380812877,0.9981913820799829,1.6559924377706996,1.0935327018955454,1.3091301131482787,1.3757085121179293,1.1424911948086693,1.3515199809268328,1.0610767592795574,0.9714192366733356,1.3158208646695944,1.101272974978519,1.7627205297175426,1.710227430831167,1.5510412342042128,1.73373904677852,1.4926354288830999,1.590487075915715,1.0898973569035832,1.3395525805057584,1.3124133802489475,1.2053492071140033,1.260495159705282,1.298254253828201,1.2104009753268807,1.1714017813515945
0.77777,1.6659024335118329,1.2248641694377072,1.2980324225957838,1.294051059588058,1.3489291332736628,1.6092623740503054,1.4405368162694736,1.545388081886825,1.571478325016049,1.2130171067368518,1.5717669169701076,1.0015958109895815,1.1690756149982162,1.1186742629967716,1.3831289310253838,1.5600045166550487,1.1656767805791999,1.211245620381909,1.432875447455784,1.2659963145633621,1.3155602866583371,1.385925289984167,1.8466279917398996,1.256383216456292,1.1586171060707326,1.3757539195462076,1.4136858300398254,1.5464612139113798,1.3667207932874856,1.0678663259413752
0.77777,1.3278049179516573,1.2681126985755102,1.221484825933938,1.1613436576287535,1.2358625464759525,1.2077746930390754,1.4521852034024547,1.3860679002071414,1.3945704927102245,1.823988903717203,1.615116471957217,1.4820600441946292,1.30654997677843,1.5589019870943737,1.389015300359914,1.3329453276839134,1.3259079361787218,0.9037967713021712,1.1293531581210774,1.7128954943112256,1.184619848903663,1.438466322901644,1.1364892460739937,1.170519208055977,1.5092129202787457,1.2231710128036384,1.2260458786337298,1.4030635728280831,1.2383612918669102,1.4019539048983287
0.77777,1.4535806098228647,1.1302847704716343,1.3634266865367504,1.2168351739358463,1.0982501011626802,1.3043813784437996,0.9271514832495397,1.5795438296076487,1.2111769853750118,1.7891012260850543,1.3354016004246374,1.6948435951208107,1.0312622284879558,1.0784724108921806,1.246405040179156,1.2877028043082326,1.276644183262762,1.1052154221683166,1.2967018944803268,1.1217877430726093,1.2821514541361734,1.1784460441961118,1.0188341995999908,1.1889684289527263,1.367976295017495,1.385424146201334,1.3495196889624448,1.201940015208309,1.0386851458567676,1.2812141493941884
0.77777,1.22558704119175,1.2649238074709492,1.3614859739634133,1.445841927845958,1.2592285465269544,1.2903008218890704,1.3225328484466807,1.2084426841202864,1.315186071476445,1.3807353199448735,1.2479863498599189,1.1266254694795004,1.4436741044456318,1.2868931227094091,1.122054632799912,1.1575024048779285,1.3574640147422488,1.2354096870643942,1.8544984235255595,1.2625023944167793,1.4193286189297278,1.5497501410437675,1.421259424997072,1.2930831799409477,1.4539975413453823,1.1949319753457017,1.5759907450173736,1.9538798114845572,0.9426072575948157,1.1376696897727432
0.77777,1.3075406706395216,1.49555823250388,1.4413249268012545,1.1578342501772187,1.0155420427092363,1.4208585982003488,1.326430064467081,1.8128360776729184,1.2309488874150947,1.5337674601709441,1.3098821208281497,1.494723266473258,1.6986498284787748,1.4022335326178739,1.3014165141947063,1.6291784301684342,1.1695910307575303,1.5742889046314672,1.3295968532760083,1.1062457126955956,1.4352373205959186,1.0720469710453748,1.0068543083670003,1.364195030732081,1.535812753968516,1.6926139580686401,1.6837019171574557,1.4825794305850852,1.6171392506240303,1.3391676511450492
0.77777,1.309132204580517,1.119313768617315,1.072817349404526,1.031903289931402,1.2594259624456952,1.0920258256077495,1.0230583068577264,1.1977630013304534,1.3472696393723615,1.298842182176234,1.4942953928531073,1.39617027155181,1.07296200853465,1.1038056249506727,1.0873775656256555,1.19564336936943,1.213746376374988,1.3591385339889999,1.1796837203584798,1.3535360624761381,1.2548164306868084,1.4546623224069042,1.1901901237043346,1.3123480501433709,1.378685419024216,1.4426000657107767,1.2085121199080506,1.1962847821392741,1.406106505468544,1.6090875274759797
0.77777,1.3550384304353418,1.123936462571613,1.3774253146535378,1.3957963441507102,1.5229746441600633,1.5130894317942396,1.422112880854888,1.1684108334968184,1.1802806369413357,1.2133372286159918,1.2448970399038843,1.6508303471345958,1.3602740704567,1.1570386819236596,1.4073418542131473,1.5493062292207043,1.064671209248436,1.2314510740178206,1.020903617696556,1.0461233531144145,1.0670075129146341,1.2634814013938653,1.140066200834344,1.0830538272693382,1.1759731386440897,1.4870695732991857,1.451789242039898,1.5116033920463947,1.536336025654293,1.2671438549408438
0.77777,1.0498890524148583,0.922770911535101,1.3084602420857532,0.9784690798614238,1.369591177016568,1.6670612819391786,1.353879046746948,1.3134325287566213,1.8675963901855737,1.436825094440895,1.4504903196337533,1.1558860076461266,1.241649193452802,1.1689846068731726,1.3661654659919151,1.1430409446805003,1.0308651177547579,1.0216912956768418,1.1198694266086742,1.2653785020415114,1.2972533540027582,1.0509219085270973,1.495109203071189,1.5683215817049565,1.281998551951561,1.0375169446922963,1.0863124004658635,1.7969207645957896,1.3898192632328088,0.9337015998512662
0.77777,1.5136953433977558,0.9576674735909811,1.1206640917194177,1.6467875453943668,1.2927209178192267,1.8741406645500747,1.060587532029175,0.9514910785615164,1.2340594105552485,1.4218106605534422,1.2915809641751903,1.0617648082017452,1.1643984740842948,1.2450918777659588,1.1971281811174863,1.0672891936165505,1.1358921913468578,1.7306674270309172,1.1509185584464057,1.3389369639372515,1.2274332377313204,1.3225147020672847,1.4378396859182057,1.2417876104357122,0.9812140406194574,1.4976951262224183,1.3858228157952903,1.241495257696135,1.521338784001468,1.262249033240757
0.77777,1.5015271829599481,1.482699004298269,1.1669839197064318,1.3015652348527156,1.2036500276267295,1.3642359525323178,1.570367814396891,1.2057672222700797,1.0677606908197859,1.184633856514315,1.6635082955523508,1.5320174367091532,1.3796591106140206,1.0717503886236657,1.3161587244121549,1.3245442937487386,1.5204152774996127,1.244725765913644,1.3259080703478923,1.1505967831106034,1.6505518724180084,1.0851398404322483,1.1380525241583548,1.2379467561770177,1.4757265247701912,1.4701880521406585,1.2021603570169221,1.4728495011604659,1.3647172250553432,1.5499194916971402
0.77777,1.2713491238303007,1.4476155658352425,1.269351071629926,1.6765916248014174,1.2820280565718656,1.3805338767324409,1.3360778502025985,1.5729239492994784,1.1327864254584221,1.4320392797049848,1.4295458635548552,1.3461180359225016,1.888710193705442,1.3299082663099364,1.511058071556482,1.5285854323776835,1.1586844461281016,1.3745635954726672,1.5495630587117726,1.281017406138524,1.2329565256438701,1.1329909045938855,1.360774209135654,1.5559968696270572,1.3617277943751929,1.3357178131593899,0.8121059637881741,1.0970305040742472,1.520295849047586,1.1958991171727786
0.77777,1.3721317327988345,1.4707976608444993,1.3478163406489652,1.5720358812602122,1.6109827710042228,1.4797613531016471,1.3671782874901146,1.3943096998109048,1.6825667890039115,1.4807359388689842,1.4895462703715023,1.7948769259995974,1.1521697826073407,1.3661183244397381,1.0996018024916496,1.3028536383370215,1.3811772192619272,1.2755873827022626,1.4595734144087198,1.1765592038909696,1.3582076997542902,1.2687582156810673,1.336983353494899,1.4539972177389755,1.121520209025481,1.1750050037102133,1.2238911959101038,1.352110992679584,1.0774348012181678,1.4427174880092946
0.77777,1.1252732445677958,1.3444050369859304,1.5624096213337266,1.0801165169297213,1.0258529593134085,1.9437802458926892,1.402149566190766,1.2092456181822495,1.0677294341151986,1.1980221306405157,1.9318064295290418,1.4714278225046304,1.360671424810281,1.1860438149251145,1.0047268451990288,1.2997687566865648,1.2556149359209898,1.3109538559980187,1.232081541232251,1.1603610053695879,1.4542583628987025,1.5246517329224143,1.1570747604586546,1.0629507957759565,1.2747581262039784,1.150380647571537,1.0706397077477545,1.2829508324783399,1.1190409448342935,1.0401337898229346
0.77777,1.332135256237604,1.159837295988386,1.087819066242186,1.1977838379804793,1.2091869208186525,1.2622958287509836,1.367935214838275,2.0260293791886252,1.4344819093898151,1.7504963333126533,1.5286247248703548,1.350273263916643,1.5764292446484987,1.2442908164093993,1.087248515654964,1.1209754468422928,1.485761199575869,1.653042752816892,1.2037814429421292,1.28663035185594,1.565769477465168,1.1347250850590835,1.348927306846344,1.342344347205402,1.5853954635351835,1.027098088212823,1.27691265110981,1.239971547530822,1.108088172312799,1.5703071343664974
0.77777,1.2709262007055595,1.4368635303742074,1.1605593201582285,1.5565194559418993,1.5684745288507238,1.1134039905797417,1.1961471921819564,1.2744400771431847,0.8812354547051356,1.1168890487088072,1.2169544062364244,1.5932732270487953,0.8522635202951929,1.0849400162940788,1.1976121583523658,1.2872172477156218,1.2342835000448773,1.183852165693155,1.34006326536391,1.1743958072210605,1.3067957572431514,1.2374224482833294,1.261591037476413,1.1923781936837954,1.3135574747528136,1.3906640146277327,1.3051884923209476,1.4689674117524323,1.4316412752359318,1.2094011606761115
0.77777,1.4735234604285767,1.2623787630924361,0.8712163571106178,0.8629840426305252,1.0573626807434726,1.6061573088878849,1.2542982529125628,1.4036356520601756,1.2220268467801605,1.3667758527124412,1.5840255440948647,1.486822597787998,1.4202058468819119,1.4641745457917936,1.5084620232443318,1.7282068139018536,1.571953679460866,1.0411848120151144,0.9545816182996396,1.3119338190440661,1.1495545521887651,1.6884295784525636,1.514147648191446,1.5606996538713793,1.4644199795424109,1.2692557349869527,1.0160205302186331,1.2372678023587549,1.4675581233335095,1.2752828530526672
0.77777,1.3815916078639185,1.3181701456623296,1.3114211554399837,1.2173825719079931,1.1842667586709505,1.171210453721226,1.3038241892671323,1.1103091086341377,1.2365012058262406,1.3330507836386785,1.196514852701716,1.4283779199522855,1.2453959249618423,1.2178404901093958,1.5979472984866299,1.4020642506963714,1.4689174168709422,1.588796702232152,0.9955164493991556,1.2064906426316686,1.2973211672718068,1.1210696597082217,1.604506516822543,1.4875744705226452,1.2241148701718096,1.3246719029838794,1.801394463581574,1.1825337645959588,1.199380217099383,1.3359112131900688
0.77777,0.9261815674336099,1.1166148351023006,1.490315841330033,1.0822914902199257,1.4919741919116054,1.1491435615948216,1.3941612464383129,1.2588530056793716,1.14894698042029,1.286268531133509,1.2199975224456472,1.1137863131900412,1.6737655647787026,1.3398284901908195,1.116602491038784,1.2340940663544084,0.9025111971462846,1.0578488770004442,1.267848839709007,1.3762297505403382,1.2305982504111213,1.2642041788606169,1.2559843046999744,1.526808500130241,1.293575274090884,1.1362282694267074,1.514636722400835,1.1375860624996332,1.3307345216982394,0.9552484768917936
0.66666,1.026711152441204,1.108496682269823,1.190703646229171,1.4206172753177038,1.1420905856490013,1.5010983186411821,0.8360799417146645,1.0934178761770617,1.2675120303158076,1.2541667370282463,1.3310560773207456,1.4287857558800103,1.1772809965654882,1.2822136711420944,0.9503557174902063,0.8851169863379585,1.0754083199812925,1.0922301406969865,1.1982133489559426,1.0700523294871658,1.195541856401807,0.9121992188751177,1.4570262100762859,1.4798016877686422,1.45713327629168,1.5022782511712154,1.2621796959465925,1.2903068765704235,1.2419881202100191,0.9785084021813086
0.66666,1.1866014141725603,1.1666248877147325,1.3172520879917653,1.2002111460224285,1.3839545376215783,0.9355629289011433,1.0757549143793408,0.9450355382749466,0.9052381924958467,0.9025754717018928,0.9616362567686837,1.3432270464625211,1.0344201292783375,1.6853080833650154,1.3295730501664735,1.0487012342503432,1.1358250603016626,1.1568687857000741,1.352144899000302,0.9318983468449419,0.9317378661219382,1.179767234141399,1.172696440637744,1.1800100031737424,1.2651627934017542,0.8802080024652214,1.2326741574087603,1.2949306912929983,1.3438902639958263,1.039755155037786
0.66666,0.8703574016144126,0.8319120898880247,0.8305961717862745,1.2404084807677562,0.8221228908737009,1.3548992112320093,0.9620302448025123,1.0183141874557902,1.0368431410869494,1.2360046209927718,1.0679537995367907,1.1199826108258832,1.213299153984672,1.2055901824830875,1.6155075471253184,1.1038100887033935,1.424150884343341,1.351765002371949,1.6541953154738662,1.0120193199090208,0.9877992560663588,0.8689411529556809,1.2611628045588024,1.4782400031466512,1.1105673817015564,1.07791147568941,1.124825188493675,1.1862081647019056,1.896970158268009,1.4835892395700074
0.66666,1.0774601437149576,1.1401463664496478,1.4130802126346107,1.3397181226048978,0.8723510588494223,0.978268870256789,0.9985926641525373,0.9729943854620102,1.2327501431342145,1.212273036191325,0.9020236079333324,1.2456481816503635,1.2330125514222918,1.1785961867997525,1.5446980614191108,1.3400413926942485,1.1222329548961067,0.9734683253229065,1.1427819936547792,0.9328901138448742,1.0282575752543153,1.0919793042410697,1.2776862831323956,0.8812214031356255,1.2701362276353823,1.1294392950517196,1.11497375475597,1.160698700000336,1.3060285431371246,0.9910050654473136
0.66666,1.2350029211971973,1.3753193932628547,1.4387277981767252,1.2731332723161806,1.2637969705971892,0.9236252045005879,1.0657824674552987,1.2047085973335907,1.0142027527149926,1.457987308495356,1.450621387688803,0.9310020702221645,1.098147122347371,1.0434948108181552,1.1739220278299336,1.2381904685015526,1.0335740433812244,1.2781803500692361,1.3955284351211954,1.155284120529728,0.977023972603933,1.1719104585897178,1.0612031814097802,1.3323688197109766,1.178803440290253,1.594181238463484,1.3295766123275372,1.0564764563281719,1.3758790448555172,1.2598481659828253
0.66666,0.8538656551562496,1.0995299507386207,1.053561007790528,1.0939650512005534,1.041268395592632,1.3823264195177116,0.9148939707641042,1.1635279498140845,1.102243486446513,1.3251305505236608,1.203240115285655,1.1312063848075515,1.1511149033067212,1.2442715122220287,1.434228532837912,1.3235474431870522,1.324536160105239,1.4536014863671858,1.1919419139601137,1.5688854996989976,1.3027016171336718,1.3410570762987084,0.9411223544905468,1.0286209231672623,1.0916878296931563,1.734066503649667,1.4874999998294742,1.0987782732068772,1.0734446723318027,1.2269360792605974
0.66666,1.1694935867406149,1.104797894926763,1.267392396628311,1.234082920002351,1.2085938467589408,1.3056142783628213,1.1711289789772168,1.2232082067366343,1.2663476197040742,1.1924759103698213,1.2620628346944438,0.9512817389682507,1.1770343208676974,1.247246261076099,1.1229701561191126,1.062102262633811,1.2579082209967816,1.2706963176566195,1.298900286073023,1.031408108954491,1.2507088863415647,1.1329237371712504,1.1568626377200737,1.3782662360538092,1.2849627012989535,1.3483787627406854,1.675073787367254,1.6511874552350048,1.4613744707758498,1.0994523396878677
0.66666,1.0808997825645166,0.9147814376651034,1.4363735854032205,1.1574956402498184,1.2179296728037188,1.0515483880282201,1.2984580952936793,1.4788531328201948,1.2995190275269966,1.1478263745722557,1.1702621666765958,1.5774826689730035,1.3173345051567045,1.0820501863525003,1.1782388008232778,1.315318119108542,1.12064743685324,0.9732345000909182,1.0434235356079244,0.9513674200785441,1.08258693610083,1.2203035781291593,1.089765163622205,1.2072346237985394,1.3755854591238348,1.199849375652817,0.9911417147124325,1.0825423934048422,1.4178248923840993,1.1663966233459273
0.66666,1.254848918272177,1.320459839837561,0.9531487207851183,1.2466252496183234,1.1572366466065547,1.0460091859764835,1.3701190936737107,1.211626732842045,1.5064188128323193,1.2164060915251826,1.1366786988392574,1.0843997103180332,1.1392451293568937,1.1545757550597275,1.1699429006663022,1.553220750958422,1.264481156150463,1.7884829465595944,1.2561923617186779,1.1763190658304608,1.3517734168817612,1.0071622081406035,1.0361113048525568,1.056027056072863,1.3449988747542927,1.1473710677976936,1.132638629395383,1.2526894534472723,1.1884985938769883,1.1264706905860302
0.66666,1.2150772819890485,1.3600116584547206,1.3043759187617343,1.7096028097789453,1.2677481126542494,1.0646391862371647,1.4639803999206014,1.479888148209899,1.2294030616358058,1.1219048190503633,1.3451864882530806,1.1863401455163367,1.102473708393505,0.921698844940408,1.059505350237232,1.2321625232066677,1.1683121936003396,1.0779399345932907,1.3501380785604247,1.1654876839077277,1.2892626062153927,1.1302529427545187,1.1595121066500385,1.023149577689049,1.1244152144312753,1.3883184746225685,1.2735131169291931,1.0466454230982996,1.0176521488597692,1.1921175105078348
0.66666,1.1765228245130015,1.1868698798388675,1.2830811864584935,1.320821473445201,1.2044891195590164,1.0702445011762998,0.8824212553230188,0.9405788133101737,1.0145615886503996,1.3839021260061628,0.9872260326018927,1.072266496314638,1.424225379939617,1.1135046579307377,1.0434038490351356,0.9681827090368816,0.9950092773223538,1.4083439774697377,0.999404964853621,1.0894417541689534,1.1142602202616787,0.8391506426088698,0.9818638304222526,1.2926342829403152,1.3437656660118014,1.3118302792796432,0.9917357060132308,1.091582413163788,1.3359406392823443,1.254555323756896
0.66666,1.183310688179557,1.5009136858808887,1.2684513569802776,0.9016877627792864,1.19420024519211,1.572498180135859,1.4979776899417254,1.0523541531351697,1.390627989000694,1.4219068121171354,1.0478264567960658,1.1844560252360137,0.9692275604791756,1.0912246842502624,1.1053434557139872,1.031998798490002,0.9589093303199813,1.1968774325513967,0.9301497737245632,1.029960809495818,1.365104026733632,1.0724738257897486,0.9399247123295256,1.04201292029668,1.7067367123812942,1.2979662408502002,1.1503364741499984,1.284808009683985,1.1065096764129778,1.3242292880882107
0.66666,1.3909120987504873,1.0715028899674628,0.9579648487582719,1.0291348771339244,1.0835755502393674,1.0353637474372144,1.1242648721555384,1.206982547727202,0.9202811070851116,1.1123590668817784,1.0830261535446073,0.8107738400268081,1.106318755103802,1.0299801949818945,0.9813401423601903,1.3556739971322576,1.4285305228794845,1.0930438869343786,0.8860303962213093,1.214887562913073,1.1292718730785183,1.244986951149622,1.0234798596010886,1.0096651265420218,1.2037655088055068,1.1893945264065153,0.9912943920592002,1.1883058259371284,1.1560927110883903,1.236656749455855
0.66666,1.2960086771332695,0.8847032789037456,0.9866022908071049,1.1867754804123583,1.543181728173936,1.6014042952893022,1.045357374351082,1.1905826881154034,1.0689058329635175,1.4631039797563699,1.3185674511914478,1.2943320530059714,1.4619098738198337,1.3563264237968409,1.3140337472767223,1.1291053609697306,1.1830233589570907,1.1797829443627694,1.3737325628724306,1.235482250231651,1.1210297322520355,1.2458420645373438,1.0322654182557522,1.404791616283467,1.1354465587870028,1.0573593533636312,1.3421759290388287,1.3067949192767054,1.1846504880917126,1.1901608267857675
0.66666,1.135887169253909,1.4754237562787884,1.0801112900697607,1.3433837478238484,1.2899133637140876,1.0650828286272476,1.0772335210793649,1.0424870158082824,1.0931074293930914,1.0527479847396657,1.1883792298465603,1.1921037396787133,1.2474874430876075,0.9211693399651805,1.1576000806134177,1.2948457722886515,1.0937760025028755,1.2766799326734046,1.1483861300051414,1.2578576877478493,1.1768869383386193,0.9277559553081932,1.0028380751168875,1.140476526845606,1.1463670248328586,1.5090860930472223,1.442956871321872,0.9137845628725988,1.176379506637167,1.4836900737123484
0.66666,1.0722031057419796,1.4176493906320016,1.453468413660433,1.1653292980958572,1.2404894110591391,1.2921456514591059,1.1721570373906214,0.9750020668844822,0.9184616824517831,1.7369528191004662,1.6529499596478046,1.5927738183897775,1.3042112476155343,1.3941872486295088,1.2388886458418988,1.3708481615079882,1.1205975828509032,1.2814991346838918,0.9207014486170346,1.1973153077720173,1.194024805686726,0.9036994957379167,0.9020414236160237,1.2078303067047165,1.11869759689549,1.264245861765366,1.2429852662419612,1.548696501532933,1.0499375698713183,1.1066828283926393
0.66666,0.9839776907653385,1.0300801359565064,1.007007850711979,1.2804768177268016,1.2283788873338513,1.098530274612753,1.0487426274119322,1.4044881453065088,1.048415832241006,0.9004504061832832,0.8638280929717721,1.7041141828370874,1.843773504728252,1.868614048406715,1.1660544471343461,1.1024963775056,1.1962283321776455,1.0800053615311798,1.0811650506931303,0.9031121833804141,1.183420983596347,1.3318566180317388,0.9702946734382957,1.0988535472388925,0.9960346695563537,1.3976738735255725,1.3474384498280294,1.2094263490096837,1.2240501591175939,1.0552111476949437
0.66666,1.626097349550893,1.4393785820808396,1.3162361995543537,1.1064060097222213,1.1271159711487444,1.3227275991390401,1.0728180737417696,1.0461788367349312,1.3764119825227763,1.3491828595505875,1.1219024270662548,0.9670004690768037,1.4392627449498483,1.0642442257862996,1.2838549800084527,1.4350280128707424,0.9643316306932292,1.0734209938063737,0.9733371159467723,0.8460730673533833,1.2172543694021054,1.0315810792135371,0.9710172055997233,1.2351763242543068,1.238533713934953,1.4705021179423008,1.141625225413635,1.294731342129939,1.2400896512799477,1.0228225739377144
0.66666,1.194166590365228,1.433455320364988,1.3507405181166994,1.2025424101930313,1.2030119511701152,1.1028347907341012,1.181066198537787,0.8274768225195023,1.6461010447151596,1.1357299312609779,1.2366987385993062,1.230601253132785,1.0582079554074166,1.1149027318656746,1.119328208640337,1.0678254168668564,0.9575514081163115,0.9780065412474404,1.210501254671267,1.4102934615996425,1.1000448521780404,1.1435628864684706,1.0843024159445984,0.9696045748161446,1.4130114451744018,1.2563820909847294,1.1141070355439338,0.9576533856356467,1.277248376108023,0.9261250113293659
0.66666,0.9973719147608399,1.308548638884262,1.3766603766625503,1.3634139319294647,1.3435035817620733,1.0666966984868955,1.244872689912995,1.3349433943012303,1.0461022198247625,1.0622042629968127,1.2553871204372318,1.3356237979213732,1.2514319060896966,1.210520895293215,1.320834503975497,1.581409136154577,1.5323474498223417,1.6129431112734944,1.1821979136016,0.8832391703520864,1.0255686982182457,0.9267518309180163,1.301807781612842,1.0634460633605538,1.3650522156064329,1.2225569970975736,1.175892897589153,1.0868500573270101,1.20211486028222,1.3154749217809185
0.66666,1.2749141016081778,1.3148932605536234,1.1834648237173517,1.296805585231952,1.2582564377524819,1.3479055587548645,1.37109681602973,1.1905538109978107,1.3466537497394142,0.9802501546530098,1.0603202116998574,1.7175525237401015,0.8505280611461484,0.8550559879816162,1.1440418479775523,1.3981867950886553,0.9327608090748416,1.2123823946340624,1.004470313019304,1.2029608783866785,1.1586813800345779,1.0145759457475318,1.1912508051274258,1.1281570078658203,1.2275887336507065,0.9497272678772953,1.0083851323945912,1.3978501787439377,1.1555122514299097,1.1827487243491206
0.66666,0.9193381440450301,1.0930276662254124,0.9782266132807118,1.5291779600946251,1.1399574983805079,1.1891681461253778,1.0552792568593259,1.251972993722967,0.9346943774145299,1.1815371634251939,1.1171185747575896,1.3898154445137931,1.583443729308458,0.99443140651356,1.258998493236278,1.5401908930193524,1.4138862772292577,1.1886278822564718,1.2103556643050628,0.8682231694499525,0.8759882171438863,1.5040494147383028,1.3160429690005346,1.1815076488243306,1.0435143146191423,1.213645253615487,1.3414709799657107,1.2320578590831854,1.2753382887555647,1.453672600708239
0.66666,1.2399638998923055,1.108472329422698,1.0198701446459988,1.0295481908701123,1.3160084480157446,1.5007009952012695,1.6733049074025934,1.165511726496543,1.0071661401248215,1.3191126181574537,1.4590134838949005,1.4574885587734112,1.2415533309520919,1.0478767612211066,0.977552656243798,1.102251869109945,1.026808681116571,1.0776435357206644,1.2203410292414394,1.1375197333638194,1.390141620172421,1.00375696609972,0.9557869925350047,1.2047123301745035,1.1255839502850307,1.1915517893441259,1.3425925118515132,1.1485450114394946,1.0447896329326911,1.8003843644280564
0.66666,1.1927689507615993,1.431397764610893,1.23616703507181,1.0229743352194214,1.1146589255332666,1.2073139906972354,1.063501516876667,0.8784950026964367,1.2350619457455125,1.3023778086080953,1.101117179612009,1.1538552452122903,1.0962402181942095,1.0865851447746513,1.118953118899343,1.269006820850527,1.167922040045471,1.1227591596007138,1.4120294145050702,1.3499656765795869,1.3702625170914045,1.3245802514484706,1.2196369781289096,1.2110626305935221,1.3215929602549183,1.4522554138374744,0.8641148545813391,1.1323205670925578,1.1514919550428255,1.1647320868027775
0.66666,1.4685841614065998,1.101389110147233,1.3501903371217734,1.6524770658085355,1.2334256199543194,1.4621208944884228,1.2731476715210448,1.7305468427584625,0.8978723596931927,0.9937311018201991,1.0559515017293486,1.481136538122623,1.3692558434126627,1.1098890394512928,1.2354940080004366,1.3837757691963217,1.296871021153918,1.497981538023722,1.237405203519173,0.7955547993420439,0.8919015538141722,0.9500068842323627,1.050534866192372,1.3630282628825332,1.3224610167005657,1.1083180816536258,1.152925251437637,1.2305553475872884,1.3626558291268545,1.0029939491612359
0.66666,1.5557877062036223,1.5658924920895227,0.8619306744489703,0.8846390863521393,0.9232175361921288,1.5465502115992023,1.1766466874868249,1.1234893058663782,1.0511832151977385,0.9671435959529808,1.2290631569826544,0.8125395431406317,0.9384731185282408,1.2249904206981588,1.409575823886576,1.1455678249779968,1.0302804491299422,1.7549630969868255,0.8747629287975065,1.163324731450541,1.1662337171857462,1.071804453947801,1.3606653948868828,1.3245588487483362,1.055838390440465,0.9585168766472509,1.0693875844594203,0.9987743650379654,1.1192792092764563,1.3274262644529442
0.66666,1.3585581818284058,1.1117806553364875,1.187118776481097,1.536143423497054,1.140244257225131,1.179823443503753,1.3792882769655044,1.1512708764853945,1.2455909603722013,1.378640412191622,1.2648522686394645,1.2016984416171148,1.30095693502715,1.0976337866350112,1.0701231529955972,1.380868459514882,1.2569343444925367,1.4482791511935844,1.1133323749405917,1.2115649939323263,1.2026186593013533,0.9958280984876433,1.0304243188743623,1.065317525468978,0.8688086622326153,1.2589374712103458,1.2596504269165807,1.0208954168211133,1.3298186410310955,1.0761753485938212
0.66666,1.5006020114316203,1.0871019490072367,0.9947444006945608,1.317091483798275,1.2571036386545023,0.9757089067508026,1.189893184529518,1.2597236343843234,1.0940256722456962,1.193450683601251,1.2852478536034595,1.266297324338821,1.4202412901145538,1.3253059619110654,1.0266936842932057,1.2372943810390105,0.9493364212979183,1.4391432337805787,1.3399629074473673,1.1575151210932002,0.8633768959240827,1.0942458294972077,1.1488757786449366,1.3992544284993584,1.6339754059134088,1.3373747059885623,1.0542474564287843,1.5134156334411193,1.1868349083153698,1.3503053758457209
0.55555,1.0268599522085367,0.9417918821304839,1.1894974709240882,1.0764648507497032,0.9370195803627303,1.31576186160561,1.1481052331433477,0.969843188603505,1.0194041732628787,0.9493119310248446,1.351522507976652,1.3553877241098649,0.9403638922235567,1.3208744395967513,0.9920771388069735,0.9224147793002514,0.8302494703363127,1.2744891473658175,0.942900755414132,0.8864403989055695,1.0425130867903671,1.1280569265992424,1.1000737066357682,1.1120262159663261,1.079456506285629,1.3223815192138797,1.6768359958700305,1.1746039775905566,1.1650712431238432,0.9949542251664755
0.55555,1.111250134583456,1.159714849741032,0.9141566207735673,1.1296073367333612,1.19376497700886,1.2061487253492937,1.00886406859777,1.1186786543429201,1.2684777158563154,0.8039639831436302,1.3975251430736417,1.0388190150931371,0.8494418958816365,1.193674541317691,1.124051425752826,1.2257309268294088,1.0583608652416223,0.9967745442265611,0.8508577469680813,1.3391868839714476,0.9535798526423676,1.128725547423339,1.3888938231056012,1.0858416536785287,0.9406637130585164,0.9385029482234309,1.0016309254704838,1.1170465627867754,1.6074788177078985,1.1333424968031856
0.55555,1.6233769307745864,1.2843746471353499,1.0494022996706045,1.0496184618998456,1.1350758701950974,1.267520740107482,1.1575329157203407,1.1002818359969244,1.3894386199153272,1.258531518165841,0.9916840148621069,1.119359448119444,1.278977633835283,1.182138189525323,1.2700037739091754,1.0204867111055997,1.0017166332808172,0.8639728285267564,1.0190999214811804,1.3785266504486176,0.9821905510807999,1.040557903112813,0.9085817208369841,1.2669152002283741,1.1946972526106419,1.3691222212006182,1.5088872304279712,1.150044097491847,1.0020407756751828,1.1383878214710266
0.55555,1.1343378350214752,0.8760091248971063,1.2197768101053068,1.2657744258022123,1.0484626268539374,1.090753068216031,1.0511856427804693,1.2615483409993298,1.0391108608731316,1.2133061380452617,1.311425415613461,1.021196078997996,1.0482278846756208,1.4535900216467976,1.3540142647590427,1.184597050524912,0.7656067472881635,1.0204615184584638,1.0522082355492706,1.0850537249853738,1.1599390583880784,0.8857516054906237,1.1890110961181954,1.0078813608819093,0.9898414708907747,0.7981330220749241,1.1112911638092084,1.006151746336649,0.9562977691376184,1.133451546191162
0.55555,1.0349102476424357,1.2429725513951293,1.3996100752822833,0.9700135612402792,1.1585050533418302,0.9710244733830212,1.0594972215419882,1.151175209743494,1.1275058576750783,0.9698484523240024,1.0493872247067928,0.975043588129888,0.9313733679104138,1.2319074943192734,1.0399684693811064,1.4650075917565237,1.14379807120559,1.1850342478187545,1.322844438183057,1.0654843694473364,0.9476763845850954,1.0172505530154885,0.9239279566528095,1.1990026751622378,1.1398790903569314,1.132998181116333,0.9146969101092021,1.1584329045243928,1.2351889029021672,1.0669267074769146
0.55555,0.8599801473182896,1.2237365884965858,1.2928827393597182,0.9300790167953599,0.7815244606932902,1.3007543271258495,1.4091806197845613,1.0401073018791023,0.9581992768414085,1.0290354238121167,1.1020003711085606,0.9502405164799083,0.9415938812089535,1.0602869408325246,1.1217437342112564,1.364338943082621,1.040362523202367,0.8435664207250654,0.941871497906321,1.1500779796047393,1.133651810652858,0.9528864012368683,1.2925397473351052,0.8886142987596428,0.9501739277995513,1.0701248294492982,1.2366597753989395,1.2525729187080379,0.9377386730122614,0.9500173136852073
0.55555,1.0260011630863521,1.107601972973768,1.0834489007683463,0.9438254984509586,1.3182101712751553,1.021074359303701,1.057507924806172,1.1079563055666122,1.0761312509315115,0.9395049516435389,0.9581731178380071,0.9921175004704663,1.0828272792544649,1.0923614392949879,1.2691460909886871,0.7940853524010256,1.1051467828711543,1.0322376849228723,1.435449608069204,1.0843280594040177,1.1319413233824727,0.809841237772485,1.0594651535337847,1.2209274837437056,0.8906860195915278,1.035119106696477,0.7891231061047326,1.1432191215646461,1.3035668454964424,1.019794617024519
0.55555,1.1926619622294279,1.1269375899947414,1.0580363208431824,1.134222169434029,1.1487271747023884,0.9241066414814685,1.080679961915001,1.0936977883964427,1.136054763640233,1.1735898307950778,1.2298976001064477,1.0804050269168972,1.025731871832786,1.3408098687253167,1.0443900504283465,0.9091349878486031,1.0286958765704526,0.9587036914509212,0.9372859429676251,0.7705807573378451,0.9237702784144445,0.9602586403088528,1.0002080194768665,0.9450507841548519,1.06919623302529,0.7794735732294948,1.0150041154206626,1.010748897572212,1.1081814722805712,1.2809161734983285
0.55555,0.874672730597082,0.9709155376257792,0.8875763238876055,0.9900434752102596,0.8913598048034262,0.8469229006154589,0.9369379345244643,1.2026449502856285,1.393320987791643,0.9382174806110528,1.0913606689494848,1.0474663863020308,1.1983918517512302,1.2304061143931577,0.878995704897294,0.8269621737172377,1.1271989675043401,1.0257426583998788,1.099878116466037,1.1780580997239338,0.9305163799726264,0.9925493807505674,1.3305257591960387,1.1975693539128982,1.1618764068729108,0.9478875585932465,0.9698172098423496,1.0454829735861926,1.0127336444258324,0.8400490974964752
0.55555,1.045635520974879,1.1663624401058692,0.9772194269859954,1.0228064938535053,0.9665531589690924,1.1655261894917754,1.0183931697159858,1.1709295148928935,1.2593073692495478,1.3447187550630109,1.1066746013027475,0.9659114235919868,0.8378545523525519,1.0425212401212058,0.9363121678153219,0.806159610292971,1.1396633782606758,0.8669780379593953,0.9154509383135113,1.0727819614024374,0.9751664962582242,1.306719834237107,1.1350085314864118,1.107190945966392,1.126317781837079,1.109587226453442,1.0534307612664695,1.0468953246546662,1.1335283466804134,1.3081723677857229
0.55555,1.0471534871967678,1.088214621445216,1.0687642556912182,1.203318239199335,0.9319680708483546,1.072619156337709,0.9025486049887987,1.1201548359938927,1.3629379114123727,1.3511751731458417,1.2495290319494707,1.149832049722444,1.0788301547067105,1.0690598976157133,0.8812400659015626,1.0209249484037226,0.9405986208581989,0.8043927025808806,0.9544442642175569,1.0865169432889072,0.8936985483512234,1.3194810705343571,1.3059613565123616,1.2136110809851588,0.9084727348015631,0.8646976538738653,1.0588028002030658,0.9889048602492307,0.8842413491430358,1.1562063196213557
0.55555,1.0575947192571982,1.0388199188341258,1.1757024636921296,1.0313037992821694,0.9542251637051503,1.123430514628497,1.6017641731502787,0.9527523848424767,1.1489234227683605,0.9808333223609492,1.0351770672425862,1.368087231308252,1.3092016152430699,1.052827475988268,0.9678761502876677,1.1205292069644475,1.3897655187073048,1.0141356660831704,0.9415694469443148,1.0183413351224917,1.1602310731276826,1.0233634387870254,0.9960244949949191,1.119626395625047,1.0422370356186446,1.1129878598805734,1.3627427629286,1.1672365538547915,1.0523264516531528,0.9623157665951655
0.55555,1.2573338171471264,1.02638719021295,1.1659671831749738,1.0233360829679985,0.9768670707960067,1.2334509770873903,1.0952482455896455,0.9357097390179576,1.1911198479787544,1.3327406992068953,1.3968176544773308,0.9493811418884436,1.0542808323698671,0.8936474524460929,1.0008060706372184,1.345108517087057,1.1812864165984052,1.0759445275199189,0.9614373067782173,1.0071424330967458,1.0912749658175533,1.1970840843826482,1.3438366713924845,1.2005602641972866,1.2416871434460481,1.7445704127542745,1.2898017905071326,1.0283842886256411,1.3233099531647614,1.0393607602055182
0.55555,0.9134519064095996,0.8685327622531849,0.9281665698647802,0.9697973478464773,1.1249476769594446,1.0196213205809612,1.135403250294238,1.2971377911449025,1.156282516611461,1.240067612510792,1.154178953348762,1.17089489789789,1.2152735653709639,0.8186582823365509,1.21113375791576,0.9741257927575625,0.9777572625249386,1.108319639632892,0.8425697965307637,1.239332573101278,1.297408216067275,1.2741908162633024,1.0059448063917082,0.968519228531096,0.7738196296800827,1.0241402283005163,0.9525382801965828,0.7115253241145894,0.9895654962397213,1.118480720002139
0.55555,1.2172610988490278,1.086469055544277,0.8704222396985544,1.1500682026697204,1.3032862952302877,0.8319678297039221,1.0313177804418332,1.1857978552680875,1.017852386853211,1.2725393056715295,1.018150263780465,0.9811117578799022,1.0607893043496741,1.2240635910477484,1.049980715730779,0.9895494545789197,1.1593998419100466,0.929223522313902,0.92352176594343,1.1333323274561922,0.9819830283727388,1.0550743936569966,1.0468865282891235,1.0416026834389769,1.0364580858392707,1.1286306454487787,1.5801229606329876,1.2286667532844169,1.315415649822212,1.2358590388188087
0.55555,0.8605576198844067,0.913111717876554,0.8873237903356902,0.879181887505997,0.877389356574037,1.4276897138313898,1.3112106254672824,1.2329007114997033,1.0198119790096254,1.2191905683935318,1.0943078217894215,0.967332174485711,1.652353909003842,1.1552853421442273,1.0141697308039301,1.1356720574916728,0.9844899333154177,0.897057939352864,1.4855967339075264,1.3638615961457887,1.2450634111727954,0.9036461026881452,0.9221214712137151,0.7523819475206531,1.1271180672640755,1.0581135790444525,0.9852442525808364,0.8902916992320559,0.7697258945854613,0.8998055950103391
0.55555,1.1192646210189567,0.9204931852348921,1.1854484347697738,0.9113173100029088,0.9786627201437909,0.8814132254496125,1.0379933515659994,1.0870580202426559,1.185178380934824,1.0523326426464794,0.9422488148087009,0.9544857831348423,0.987382287943501,0.9846659422007066,1.2766189099840521,1.1986937764312962,1.273471826449525,1.415456375774512,1.14413778169673,1.0180379998610534,0.9076972872288583,1.0609026826523646,1.3007958178078518,1.1175130293173283,0.9975103597508019,0.9073459871816199,0.844247606482159,1.0217458410727602,0.8841745826080353,1.25583394452691
0.55555,1.3398167279120048,1.3572402941135209,1.1739788970467042,1.169136258641406,1.1126096291863297,0.9349645193565137,1.3396233115768517,1.45025147115835,1.016378992231745,0.9379065341421613,1.0668806139902367,1.0624640629545388,1.1865027358050715,1.1366000446463966,1.1859169329168349,1.089626512785224,0.9648457271035523,1.233462835366322,1.176346991147578,1.3295419186660726,0.8599899945971082,0.895654232671918,0.8006097832310457,0.9960773984876056,1.0412439295706584,1.0763802691658377,1.2256272864435263,1.2455888806523856,1.0496351396816823,1.2456726767283919
0.55555,0.9584809498439395,1.053344250269603,1.0675851365532212,0.8208722613800187,0.829883590234251,1.0861348353050173,1.2485045333828932,1.5196251998099397,0.9285235040408998,1.0694486765661184,0.75097615845095,1.065866372273303,0.8121877844337396,1.274670972183467,0.9982007065954116,0.9333317394922422,0.9874932486052449,0.835456767295259,1.0700556830813157,1.1410491172353918,0.9321158737657634,0.9823114779053355,1.0358339095818585,1.325359800800176,1.1175356938630425,1.1602292030559085,0.9460152935156929,1.1227091206028408,1.0986846495089162,1.169271360694487
0.55555,1.1577501860707775,1.47354922013289,0.978519115269349,0.8698922378668935,1.044051336510246,0.9981562404850479,0.9284807455564877,0.943824607956344,0.960972549285094,1.0855278724228137,0.9602763594717489,1.1640007645195496,1.0839380713327775,1.3332542492464114,1.1553008202547508,1.3252292866186781,1.3815025115982624,1.1622608306193178,1.119952807451697,1.2470738342651795,1.1252134464654566,0.9348899466050612,1.0730385999183492,1.0574173780167206,0.9618246667488647,1.1542401850333972,1.1951995761846872,1.0755234318383569,1.023454192524997,0.875963868669051
0.55555,0.9506757746150284,1.005864462528228,0.9262054705763928,0.9556310245434771,1.1025484339850191,1.017188620542632,1.2179641199517974,1.094837592935023,1.357222967123581,0.8900427663755238,1.1481674894643552,1.241162282952551,0.8640761015377382,1.126451108463814,1.2431258464503505,0.9851310232463911,1.3834047962336111,1.0955479482505992,1.064613415123526,0.9559652706611503,1.067463155655655,1.2825400205904476,1.2408246992553011,1.444808794949308,1.47981757243719,1.693072837422105,1.1170212277213667,0.9304339867054884,1.1396221842092862,1.2350615355120622
0.55555,1.1866235531838978,0.9973175474638495,1.1210704822780657,1.2953520730670198,0.9448575479484225,0.8654199571418174,0.9283739724738588,1.0474781684369041,1.1114306826318552,1.1311955923782466,1.0968854081658075,0.9731419540891343,0.9373923540493244,1.1955229340727485,1.4807444445767202,0.9453383699638775,1.26212437687759,1.3381772373292193,1.2199136090198468,0.9274088346025696,1.2210485564447262,0.920844930184783,0.8818515758114035,1.1915736776963672,1.1009070397978231,1.1028782643680215,1.0206799379275735,0.9504594959419336,1.1740611637840799,1.4240467570129056
0.55555,1.0083800774147962,1.2239385691510758,1.0827484448399691,0.82539044631364,0.8063573815025774,1.0809357274611688,0.9565100702705407,1.1610736939672444,1.1120964208346809,0.9525779549271006,0.9407092871304562,0.9477166300378221,1.0611815462054999,1.3699696652066773,1.3315770267578113,1.3829056397134634,1.3089835909117542,1.20973977415818,1.0166489195833162,0.946168408965687,0.9512103523679909,0.8207555337279268,1.1670332677754296,1.1295048668127148,0.8405299651223331,1.151580558096868,1.0632237793307668,1.0784105721321096,0.9614764545806405,1.5574213239020234
0.55555,0.8782178391756656,0.860397550313062,0.8791466578629404,1.2345344223931218,1.3206525531683049,1.2321672776930919,1.2961007143477856,1.270494683978009,1.248687815915683,1.0621329352174924,0.9856176847299698,1.090533123623193,0.88663247662144,1.0626647724112868,1.0170414741143081,1.5137641739844017,1.0549811311145234,1.1200833353402768,1.381952574746251,1.4491553106229946,1.1139544555765033,1.1044845466244229,1.160063630389159,0.9189550058314274,1.1924614585625484,1.369208888449947,1.5230732462136813,1.1182645095819483,0.8947097531239058,0.9313031423688186
0.55555,0.9388583882188571,1.2210923313828923,1.1482741644073169,1.1433549645471055,0.9149558279991844,1.0270114519425437,0.8768521280710532,1.0155387114334888,1.2195369466986639,1.0464085677643797,1.0928576340291152,1.1032961801616619,1.2425624759254004,1.2415546927301948,1.0847377436642247,0.9652504162918549,1.4090802130162714,1.2502909081811566,0.9574743464577354,1.074819005351325,0.9888641223416378,1.0090692708737172,1.4222504496838893,1.1745842336848944,1.1104263126740697,1.2006549642752182,0.9345386300673487,0.6643751361039192,0.9182759729403487,1.096837942848599
0.55555,1.0060345105220834,0.917763191180353,1.0351167807476624,0.9271217579632264,1.1042058807973039,1.120107389630085,0.6549734005564335,1.1212760967834425,1.4558197173840923,1.3320148239264271,1.147476912295031,1.0270677374198094,1.2181869256982338,1.0880704390938003,0.8632464747021227,1.0535639682146616,0.9733326548805081,1.1310039277033213,1.1410070060540047,1.262512652131153,1.2601039588377316,1.1320319829030956,1.5711484162194613,1.2524067235001406,1.3628142288603826,0.9088642537737409,0.9850155974547621,1.2978815456690065,1.05025147549518,1.1153913807482576
0.55555,1.1120944717305719,1.085793051581808,1.2569602187964628,1.0539127208732038,1.2936564242011466,1.1142029636314936,1.2858013310373657,1.0797680756009742,1.2070182850257474,1.1798926180368032,0.9625170696426939,1.291569781191644,0.9800308295680454,1.1808919477726443,0.9989025938138669,0.9498018685747702,0.9535521433413874,1.390318948179616,0.8945445955563963,1.253226505130578,1.1260007235946394,1.2179828318002996,1.1152711832434896,1.0844603932082113,1.1208189415058587,1.0153820217710603,1.1582933936184308,1.1231213683242869,1.322361523106082,1.2278820237141237
0.55555,1.1741316807603057,0.9637043844309712,1.0165603902706573,1.2186056929683609,1.2565478109190176,1.1055094460624793,1.5209611773390161,1.4235467456427497,1.245191580650564,1.1931294228138631,1.441071021656388,1.6048952147705111,0.9881792344132582,1.0602911909238544,0.9858799388959957,1.066076256359376,1.277612886410129,1.003708500298778,1.0086389949501169,0.9166493854968218,1.0670067075504186,1.285292330868398,1.3521764163237193,1.3652025503899212,1.4793044159632394,0.9127267291863201,1.1207713333422313,1.0636499769899548,0.9224059419420797,1.0477688935041014
0.11111,0.5881428405047572,0.8059467183111934,0.7523058107721526,0.5437386552463476,0.7730520593000366,0.7699263134508073,0.684207191062383,0.6851150121452543,0.7629435763709533,0.7426305773277578,0.801295305858683,0.9638809621430561,0.8916755657432694,0.6003785772517337,0.9325394860670786,0.8932912693590636,0.8112839036928842,0.698572073855367,0.6603000502846512,0.8170483506947209,0.8068844229847943,0.865217867784711,0.7412875211994282,0.6961577663975128,1.1124133323601841,0.7243241294398017,0.8274477364885781,0.8067629172335369,1.082521818020412,0.5984473691366611
0.11111,0.7553551141164873,1.001944752179546,0.7498170702716206,0.86616977384951,0.8187478364332466,0.863169856923227,0.7122036278299537,1.053069007628287,0.8329712988067878,0.8732435975149011,0.6468781245925199,0.7120935166303496,0.8350914371769301,0.7436994466257939,0.9172790298575824,0.7661554257561718,0.6896308180872367,0.8196413677943396,0.7565208841886167,0.7256719587626957,0.7140677046887133,0.6868314130486396,0.750130647010666,0.9348528269485632,0.9082244176294625,0.5102359541697272,0.6813589931268278,0.636640428473028,0.795655728770889,0.8284769203904673
0.11111,0.8934205789728785,0.8441862111799793,0.9710016014552467,0.7829002637230779,0.745420120512254,1.1027827951479965,0.8362402337416803,0.7410407822723134,0.7499186373014113,0.7166833107086453,0.5437587986461525,0.6224797236644896,0.8765576634310424,0.8421217111830961,0.8000895788422465,0.8527551384056019,0.5998405204618694,0.7091120963967363,0.7832236861091983,0.9419810026796768,1.0701142973720916,0.8068422647429192,0.7113477559921602,0.8172817291974148,0.6270545561389463,0.7955014726334104,0.659546648153488,0.7103358986098421,0.6098282697216256,0.827020317856779
0.11111,0.612971338999804,0.6258406908461704,0.7065135027391876,0.8099418036254046,1.0693975938999842,0.8145181612812051,0.9177923783042652,0.7469915914545062,0.6277802463468515,0.8584360895277194,0.7785038646355336,0.7718803658842567,0.6882641491274892,0.7811725596624581,0.9262019435908766,0.8368881201123032,0.7602791446966378,0.7841350061711879,0.6096809103993656,0.7089762641652516,0.7922615549066632,0.7553406202117061,0.7857023367932846,0.5547649427467177,0.7888680978305342,0.7463226652188637,0.6602193053784498,0.6628421402309187,0.7738481690487392,0.6255941558919188
0.11111,0.9131771828570227,0.7668979104829875,0.764172353295613,0.7168979306812081,0.7235428940369405,0.663006764827591,1.0150726238571093,0.9843443726640653,0.6523233464820137,0.8488512593398586,0.716099582939229,0.6434215878185702,0.853296921833774,0.886538159360502,0.862725054513929,0.6330015713831713,0.6821081382032724,0.8032655777578088,0.8340053341390544,0.6130080666621295,0.728989935831048,1.0164869086032984,1.031041850649042,0.7789640224296103,0.7186530039191931,0.6121277762756022,0.6982350109489798,0.7420098204392188,0.8241780697693484,1.031712326101476
0.11111,0.9388442908555026,0.8209223816598252,0.5236939144853785,0.599129406524497,0.6110938674453034,0.7548195847356366,0.8073029237860849,0.9833704259054099,0.8067221159776417,0.8997032647950456,0.6967063888813878,0.7778819394270514,0.7274547477843055,0.6223265094279671,0.7422128512819888,0.8472401163304972,0.8722303538038604,0.8931130479173968,0.8113200773315359,0.7867296727219665,0.9290325845874557,0.7480957725407485,0.7654438576404495,0.7145173073532421,0.7337991174958387,0.5120896318907603,0.6447116262749056,0.6225674910805564,0.7511060514669151,0.9091629979142862
0.11111,0.5812015341479136,0.8099996651731205,0.627250802475834,0.6895412029642661,0.9115245718528043,0.806684915850669,0.7412550447846008,0.8403209248025659,0.7526689097520987,0.6704832479121371,0.7761484983912021,0.6977466610568623,0.7736546600897365,0.6750140555590685,0.7270500546625147,0.8016474074142117,0.7501233260507243,0.5805615210434132,0.7311547931669264,0.7439532336090955,0.5820357505066764,0.632334270811803,0.7735016942499384,0.5836857791854565,0.8079011009021,0.8289713919239219,0.640596284936294,0.7089233901776147,0.851642347443754,0.835077330853715
0.11111,0.8288794650205542,0.555766297244265,0.7870258360621455,0.5572112130147217,0.5772594795990987,0.5647062698916337,0.7326313194224615,0.9357845213654603,0.6581053211199183,0.6787963804091222,0.7954107317989774,0.7762964574695578,0.70860049447456,0.6922792402554293,0.8468388659964203,0.9468643629088955,0.6653945520249913,0.6938586687764883,0.7232275306072783,0.6839078874318167,0.779657403023367,0.7531867111581245,0.8352886185927713,0.7144777283290348,0.6000296477261391,0.57452112703058,0.7712911952757836,0.8812668171245949,0.790660349561053,0.9504337634737201
0.11111,0.827563936593295,0.9088562892370943,0.7651314185272096,0.7366087217668115,0.8000203861036546,0.7079599157491463,0.7906580932311971,0.7151446916569083,0.7872350287786203,0.6798695578483673,0.5296073027015231,0.720009569634221,0.7618502807053291,0.667929767441727,0.8247755201129836,0.7886660161517317,0.8558017227564203,0.6442678041869735,0.5855293891350338,0.6289878318567154,0.7095618162177645,0.7273244866387787,0.650811618199257,0.7157033649181541,0.7138049335327573,0.8923211857143339,0.8502665588006979,0.8079889301353228,1.1491002595997535,0.8609610764075749
0.11111,0.8070051843370017,0.8526878604831889,0.6606372245539924,0.6386454932581096,0.851336454454445,0.8014550801523876,1.0732847221526305,0.7001104132070006,0.7554719315992205,0.7265377098524052,0.7182145882393635,0.7266200793182636,0.8142035578133835,0.6611377682555609,0.8573189685926109,0.816944172537122,0.7235823250645782,0.6732638536632555,0.8128862294129983,0.6221990575611382,0.7247150134687276,0.8952042096438909,0.771171356444795,0.7958925919670929,0.7642686222096955,0.6660724321603572,0.8957091344640766,0.8951876976563297,0.8251523952482926,0.8122772924464753
0.11111,0.8158317960561325,0.5105245935345681,0.6167110469174342,0.656881298817044,0.8210137389774407,0.6335673211511214,0.6912575501662496,0.7134241243930325,0.6397790252455466,0.6672227250837316,0.716870107407103,0.6388127130956855,0.7721116126107775,0.6622529780761945,0.6835667350328931,0.9362241452830624,0.6182008777821043,0.7003040888305169,0.5858685093188413,0.7086710242177514,0.7114946947158894,0.9762719694895602,0.7919391194453692,0.9148269684695148,0.7776603766240154,0.6560246516445009,0.8732671258355403,0.770659159762756,0.8683373380454229,0.6132159158842503
0.11111,0.8229227411367408,0.6401789741648393,0.6873926254126705,0.8814455759607724,0.6984817383203007,0.6234641684017469,0.905674063565886,0.6837775666767971,0.7220292738304194,0.753805233440681,0.6202431431769279,0.8042278605779037,0.8383707766551303,0.9812401953775051,0.7353577546114624,0.7365031832094676,0.7843403683102773,0.8405329719108489,0.6811819488341986,0.6144934011961197,0.8090214799659163,0.7365121751933534,0.7306924601067224,1.0694379919447041,0.835882402979836,0.713347341047902,0.5984647467402747,0.7273743495285735,0.8527011253972422,0.8748289486830031
0.11111,0.5964295334256183,0.8730137988574626,0.7529868303255127,0.6774578996931341,0.7681010561540795,0.8405025609921725,0.9714503306690413,0.6916328661454315,0.5175001996758537,0.7770357308497517,0.6333511247772025,0.736164740562031,0.6711739307441028,0.4713074816766904,0.7536642805305094,0.7743083027110056,0.7628026023355151,1.059067554492559,0.9340567773608277,0.656811094764511,0.7077740103316654,0.8262898431310154,0.7450390731517994,0.805661947893483,0.9016212499767619,0.828853593332362,0.845046220937785,0.7473073171295498,0.8154924509381922
0.11111,0.6858049080602636,0.5639064166674909,0.7489212023038769,0.6832683434063856,0.7663988525637178,0.816962781971222,0.7986615128000004,0.7399615537752702,0.8726752534820031,0.8186894651813112,0.6581299850559336,0.8371747430064944,0.6456892019980701,0.5826882861825973,0.7739852853828884,0.7931974169642847,0.8930508299853638,0.6595290577294399,0.6419165524677061,0.7973718483413965,0.7009185066324735,0.7450992010883077,0.7713050203268297,0.7886868122896207,0.6989900091863686,0.5767771510014053,0.6238336906085977,0.7588709221518647,0.5932461573971418,0.6340723201303764
0.11111,0.8771861924930887,0.9017136323607091,0.7406631391697277,0.6946008357366614,0.650899794066774,0.7147474919726023,0.773539843686601,0.7907952412595566,0.8601755655841252,0.6813236454864802,0.9062467005387516,0.6903914659180264,0.9186816108826626,0.8013305317450222,0.8320284966752429,0.8613923930334645,0.5214410974130261,0.7719986314293558,1.104184563078688,0.7336995362523467,0.7499679213222287,0.7201403349300806,0.7549743452981632,0.7561196278509283,0.772077405117516,0.6469152249051086,0.7355117974359857,0.6366566188712145,0.965555120546673,0.7906107763698136
0.11111,0.7892987460012053,0.7378680828092806,0.5751478261696503,0.8935594970825083,0.7762340699578153,0.8045100522201284,0.730553822794991,0.7221533906237597,0.755987119961915,0.9215771414413659,0.6188998930096243,0.794219064610674,0.645912050228739,0.7661098017191231,0.8488670167608221,0.8628174022676751,0.6374437695643324,0.6734611899302033,0.7356179878072945,0.830009497759687,0.7943797235831167,0.8003603793353606,0.9252270230206674,0.9889766399040176,0.7479516947143044,0.6570053163138719,0.59460986042121,0.7926254132142285,1.037165914249734,0.8056356872827016
0.11111,0.7921434356174267,0.8769453649365121,0.6497054900703392,0.5700056544790849,0.49422406313304124,0.6637489919581545,0.7367196126076525,0.5993345616657167,0.8152713152263608,0.8113838482164224,0.7974121763707647,0.7117176589653561,0.7105658263970076,0.7940257764665886,0.740159421239403,0.8585965353473269,0.7303970857703874,0.8223306963973138,0.7754428124976721,1.0285259140550775,0.7384733368155224,0.7822847007682545,0.7532991413292037,0.6579588823280721,0.6418894779985596,0.5676332200483983,0.7268537898878251,0.7223644652719128,0.7070463316580772,0.8084391997049803
0.11111,0.6933201477009159,0.7925561963629245,0.7937073780672994,0.8380512500077053,0.7219181559633204,0.6305419682984488,0.7331987436292592,0.8368367117855692,0.6679729148171305,0.7769872969104448,0.814464837890189,0.9185140835049295,0.7816927724584588,0.9822171285768239,0.7372841768367322,0.8434092249558015,0.680866237146854,0.6370192369988632,0.7954545336981775,0.669272479165301,0.8670282815973367,0.6516345439233959,0.6117525162896799,0.5665265701561794,0.9296512312209914,0.9984247846545327,0.7337577699549815,0.5878428236141604,0.6848143143428322,0.7930034526999434
0.11111,0.8390545343516079,0.9108527038844972,0.7736814251785773,0.7484094034264177,1.0036613039831808,1.0222151001773112,0.7663695853455322,0.802270261035738,0.7581298814541617,0.6750686956253095,0.8503940784959897,0.6927733174079047,1.121562764081009,1.0358211322258253,0.7575897964582823,0.833751661038568,0.6815429066751933,0.9225589093267225,0.5862702550657038,0.5778330229437085,0.5197244245118234,0.6263873170923601,1.0123121884000994,0.7769198320095886,0.8637729683369478,0.843408415437346,0.716040164879846,0.6836952813584222,0.7917519694208534,0.970087308441335
0.11111,0.745635747465915,1.1143658354124315,0.8757388999677125,0.6547633612211432,0.6538855992161585,0.579537122812714,0.68423329604786,0.7865883897710192,0.8459097051579354,0.724521571869074,0.9889819572574751,1.017996292991523,0.5132954644826155,0.6668036890498938,0.6590633352932707,0.6849500778622953,0.6985099132646708,0.7445387724325363,0.7122372835164371,0.8788449805236184,0.7753649858873026,0.5932599146815952,0.6013657792565457,0.8175347337211663,0.9445699070323692,0.9312488813806786,1.0437142320978121,1.024108879183698,0.9414264652078977,0.760583831227786
0.11111,0.745565407490322,0.6959478522851124,0.6785663769632402,0.8600136261739937,0.7658957607466327,0.7431595893814336,0.6450060644905119,0.608323594329324,0.952414780796781,0.9304626395821382,0.7598677304712137,0.8250985006972092,0.8533115897100073,0.8095934453760093,0.6454341581921913,0.6151339590627507,0.6346559729746806,0.8397535405195786,0.692664781154896,0.7750953210033737,0.844872534399423,0.9214502074782178,0.8921475978520359,0.8046900835042264,0.8181871407220594,0.6818121007594196,0.7345962519632155,0.91212404594392,0.7839156097194714,0.8173715777212016
0.11111,0.6467091490366408,0.8004686600545667,0.8944026361733391,0.6404655907096916,0.7633160738431293,0.6587905415619855,0.6261303079324921,0.6919373509816903,0.5899371538756205,0.9304397504326459,0.763729863818359,0.6062019710228447,0.7563172417540348,0.6972516590216767,0.5891505419723623,0.8055103020236986,0.7895445529948927,0.8595911623544266,0.8631772741687253,0.7020979340691397,0.7354873511673237,0.7617569187101932,0.6457737431179585,0.643749129717126,0.795323341456141,0.5231685102129886,0.629158083116521,0.859812059360806,0.9496020270469833,0.9481333357297475
0.11111,0.6127687777253155,0.7828856913655373,0.7385803219600023,0.8397358415879903,0.7772368062409374,0.7417073753099446,0.8136377830780034,0.7916088673620623,0.6280001700253832,0.6746296779827524,0.6462138320641663,0.6105119234518301,0.6098791735951061,0.7462832454315371,0.621626656377904,0.8597747024622907,0.7578616454416137,0.5435950650128143,0.7439974756212532,0.7706747647397211,0.7864176479925881,0.6762667516881483,0.8393162673418575,0.6244937138538086,0.6220636449828348,1.0384958105665028,0.7206507148782207,0.7149972817512927,0.7429538673925533,0.7129845634904671
0.11111,0.7118077060577818,0.6626764826915984,0.7083509610555923,0.7785385730757347,1.075889580759331,0.8052187689685067,0.6666361098323823,0.7184669552791139,0.8862529184586366,0.9609407599280538,0.66191828687609,0.8000946670126358,0.5897153321576866,0.7648836490154238,0.8714451569223755,0.9050292684170196,0.9953432854290853,0.6782552123452525,0.6739372326465508,0.9196119484341816,0.7839851779299559,0.7194225347675832,0.6653016808846227,0.6858508169257558,0.8333484226706174,0.6401153874223763,0.8137463306608399,0.5760499259263308,0.7774665958342345,0.739286601699908
0.11111,0.9777229591907125,0.8244097487294244,0.7182319709335218,0.9021714230585026,0.7982898128875149,0.7328309632914138,0.6182061662316368,0.7780541152102245,0.6458818320016615,0.7144634007481572,0.7656650547582411,0.788366112201963,1.004321245798308,0.9022173430666923,0.7553883135856099,0.7246216561633979,0.7703851014464037,0.8014664465219972,0.8351574635143524,0.6926867886607704,0.7251770431649549,0.7332594358997185,0.9211979856396436,0.6425414719932002,0.7846300762436035,0.8039098607025629,0.558809494728781,0.7944878807728468,0.9416056788920169,0.7658397647511571
0.11111,0.7858260897481978,0.6617811140158121,0.6235014990245606,0.9819637893559984,0.7164262336711568,0.6710128194295404,0.6993056320717812,0.6340349069347139,0.6446785677765339,0.6857292635845464,0.5458195917751436,0.6972438857132122,0.7156415896361016,0.8796653122462302,0.6862307774004504,0.6556589192964974,0.8524608888500664,0.7539111843311349,0.9892207686662313,0.6417715951492341,1.0564049387677599,0.7927656135389345,0.7845325816307093,0.8076347638177188,0.7543579260017065,0.9316914268767648,0.6226940736707857,0.5984073548478543,0.6952901579425186,0.9981364812830054
0.11111,0.8106355319280095,0.9190290022846767,0.8161844504746906,0.7479663723118217,0.7797506030498318,0.7454248945449296,0.9766193610072305,0.6819923698033686,0.7771641156958784,0.7339761848690243,0.7324057850815305,0.7374553738342708,0.6592866927422694,0.7636065721443561,0.7381220364947627,0.7070493227157971,0.9275275219228448,0.9655057636548412,0.8155836472979534,0.6043619428895388,0.6129889236918273,0.7605051738678413,0.7608865493082719,0.8313966677440654,0.9787506919819039,0.7024821645497814,0.8201259229998213,0.8775990701866939,0.8126972677970933,0.9159817940821896
0.11111,0.7670006687522382,0.8003659602214183,0.6677151903734974,0.6686574400646558,0.7970700674864916,0.9064247912504151,0.8699631816454276,0.8030076109118789,0.6003893667789888,0.7533950791304033,0.8833684194418892,0.6042506117556575,0.5399933818137612,0.6886809575351358,0.6585337226567521,0.6834728061323169,0.7809885364435224,0.803041266539583,0.8676031087915306,0.7338459095757132,0.7116104251869975,0.7979077135558117,0.6728208272378375,0.8125459386500731,0.9152969678355479,0.7216507222554573,0.6335189634280916,0.5543901938481461,0.8630418915312743,0.9840594166079621
0.22222,0.7904808558943514,0.8684607887367537,0.8662507207464777,0.6057967140258458,0.6882852239233158,0.8210235694278745,0.8983176659345562,0.8945478814384984,0.7612934951289977,0.8617599195992229,0.5816529743287752,0.9653508360840356,0.7759604636645365,0.6675479380803828,0.6653983043260614,0.7979626232066143,0.8403449525433876,1.0274542785668663,0.8517172437098942,0.7016635402508675,0.8329892472494012,0.7889981851797003,0.8277880466064131,0.6538930405476232,0.6246966208579858,0.8319998847787607,0.8105334280659008,0.7111230450634375,0.895150060831214,1.1151564868875727
0.22222,0.5842558570706702,0.8520116256801358,0.7662520873228548,0.9211784825016149,0.8716551367249299,0.8634471372435438,0.7686527993427206,0.8199098510057613,0.8598212670455598,1.039586546221835,0.8920606656987586,0.7156255372550874,0.8349138831847565,0.797474213212897,0.7528162680965389,0.7757898281291103,0.9560133919535231,0.7855927933428649,0.7136825269280734,0.7636228705637852,0.8473216992327763,0.6066213919522312,0.8860502300808183,0.7837792907754326,0.7660688768249405,0.8984904247802046,0.8112936443960447,1.0837357828373226,1.0322032158461623,0.7797022282163393
0.22222,1.048830892002712,0.7004095173375283,0.7934747619389849,0.8885282643051373,1.0651357731963167,0.8053252096292429,0.7880096135785847,0.6665811216000821,0.9471618677822454,0.6396289870022758,0.6302537810632075,0.8694974326966762,0.797350473071584,0.9171100342812845,0.9689346068158404,0.8806357054025358,0.9603561991316674,0.8698938181485089,1.05896882309788,0.8387207594799267,0.7949429880273584,0.8513169549849198,0.9821721278515787,0.60381021768869,0.8748273751015334,0.7162071381457784,0.7361745944366971,0.6492034378121642,0.7399873241791302,0.9615800002241933
0.22222,0.7785580401030783,0.6888863925511532,0.685885565178771,0.6434507759475288,0.7951469454188527,0.8632500309306349,0.7907286376325741,0.8187265183382342,0.8433717431046018,0.7625462784968056,0.9032563595849947,0.7113622862517648,0.6906290641982723,0.6681211177246715,0.7308148694492291,0.6277081866327421,0.6308746080781531,0.8027098514975042,0.9614018232595779,0.8186123567140647,0.6406902312663005,0.8557076360217358,0.8498999902633578,0.8206697456906789,1.163228819827504,0.9397678985155851,0.9166881199002835,0.7867084850472105,1.018768769426767,0.7809074253405881
0.22222,0.8098451873027179,0.7554781526579821,0.8796607839589959,0.8217125811026782,0.6823073089884744,0.8194374090097601,0.8530170264868366,0.8889433606939792,0.9621844182562592,1.0155100278382714,0.8525812380726399,0.5728473466221794,0.7821260037208129,0.7862962085175329,0.7736401216298802,0.6575356795879818,0.8036365771511965,0.7306566468194207,0.7023388740938159,0.9037017339636411,0.9689811293953391,0.8439985540397236,0.8156356672341711,0.810123809777409,1.016293992052558,0.8509302902949497,0.8190105188676227,0.8125660907597512,0.9047654521159134,0.8680473861060642
0.22222,0.8473764324009201,0.8500962677749987,0.928046053130609,0.8851996242166611,0.8461929656024341,0.7643062065960268,0.7001759874921288,0.8148939666981959,0.7943306102069426,0.8564375883407298,0.70810633996169,0.5862804217291574,0.72194526022641,0.7360561703707674,0.8535268351853986,0.8316335560160546,0.7399620660088304,0.7753494475097328,0.7306626408325612,0.8418086862804625,0.7845368179184641,0.7060821633006935,1.044165564947846,0.7106609542523012,0.7522823570166194,0.7098831289926633,0.8921784456495789,0.9382329533486797,0.8270542941091791,0.6601177167158738
0.22222,0.7275870212271708,0.8938959913228464,0.9372601396474055,0.737903003652052,0.9432875320316193,0.6773001387159846,0.7317761404856266,0.7412035332596385,0.9265715625585785,1.1271290187501153,0.901685981410178,0.7500987873569283,0.6112450302235785,0.7668937777640354,0.8256580706570412,0.9891414709587886,0.808569778433255,0.6108214410756584,0.6192738524700881,0.8587375710057392,0.985564853700899,0.7690876325714768,0.8273764550993651,0.7135712723742054,0.8376313000183504,1.0431806857818633,1.071932633703961,0.8769297123132952,0.8104761163633549,0.7794992384793418
0.22222,0.8667957332611308,0.7633951173735393,0.6563510768540931,1.0040907415878118,0.7155281910867816,0.8406575021857362,0.9475442356057645,0.6842978224468181,1.0098720113997794,1.0140835178721854,0.9520978210051244,1.0874050650417162,0.9474049856345267,0.9169205848361983,0.8564580895651144,0.8144188961582342,0.7965224224195601,0.7726147333059972,0.8308960757407938,0.7650930902868462,0.6530205796572373,0.638027396378807,1.1913738273198902,0.9356150718402151,0.831874809334856,0.8493526047726441,1.0538572816893046,0.842531962826949,0.9154259678397125,1.0981003373952685
0.22222,1.3362320145777018,0.9278775691268129,0.7723048624636728,1.1505961758131984,0.9889428613008371,0.9913570393978572,0.6897871180327915,0.952701773183736,0.8973432921878618,0.7325146482836986,0.9461816569634874,0.8747702633859664,1.0194007286575502,0.7586120859539152,0.7060176013266174,0.8551205143639021,0.6249677697183778,0.944071549059692,0.9072895867016799,0.9868875359090423,0.6916693599177036,0.6986507714579426,0.8166387050380413,0.8281919250301248,0.6725244962472529,0.810145946534124,0.6595113605452779,0.8517248574518792,0.5382046806834291,0.641118005422824
0.22222,1.0759020787525688,0.8552999858251142,0.730398524086333,0.7890532513757991,0.8073577573765267,0.925550754931256,0.9397415262075205,0.7785272545079202,0.7225218378721395,0.758192614303601,0.8425505586221232,0.9118838413540867,0.847616831966119,0.8964253216792079,0.9572504896683752,0.9708370958732893,0.5633190849336407,0.5781609684666138,1.0227728273238939,0.7442661039692114,0.738248029237285,0.8895680785736776,0.7621234260732319,0.7907292475447806,1.1174483362498375,1.0541564535174084,0.7715345190707064,0.9588904497017493,0.7583386424225628,0.8060916052285354
0.22222,0.6456394849946633,0.6809022885378718,0.796580386363815,1.0277487967019985,1.0598861843175835,0.7453778622309869,0.9390154902494193,0.975076453585996,0.8875417084965865,0.860390786294285,0.7733687427391805,1.0259900313719508,0.8665292048376475,0.7934824146178261,0.6562048346227318,0.8517409073199262,0.8428747812112056,0.7776277476219792,0.9068539420111107,0.6935915385040151,0.7896553272941901,0.836583206855177,0.6477075387489051,0.5579682707422812,0.7323198746580121,0.9335548469220615,0.6352429017333159,0.7471992954773963,0.6791746032439336,0.8108982238940852
0.22222,0.7332732204386702,0.8278253580867443,1.0813537039420957,0.70588617207023,0.8177971258178561,0.8547299224620729,0.8705557019523301,0.8863102381850418,1.0656900107646479,0.9357535024623919,0.6766546370544434,0.8538703671427005,0.8189244518273644,0.6240357499700349,0.6672031244304705,1.0588519652072967,0.7289222344481674,0.5049092987764938,0.7899941573709813,0.7589173612591121,0.9162677213491784,0.8871483959520994,0.8655449236358064,0.8281759693215551,0.9581064885032543,0.7658533627103435,0.9106656280851115,0.7151674918217248,0.8237336059825054,0.7840238976632447
0.22222,0.9322574989715162,0.9601284478935866,0.7546660914168484,0.6817472963572017,0.6257798313726284,0.9037508200490809,0.7917750112080207,0.9072132982244676,0.9576636445974771,0.864123440168064,0.7045886380174452,0.9068732253208753,0.7495196323080456,0.9632015006045552,1.0584387264493214,0.9240600611127161,0.9716867218325886,0.7711020449771527,0.6598965592464823,0.729557784038421,0.8589054441293801,0.8004848446954381,0.8879468281670341,1.1669339489022361,0.7851892026571744,0.6820857126549864,0.7493398614863376,0.8261953553805552,0.7575998938635299,0.7112177614815991
0.22222,0.9437974537359168,0.9470669287176418,0.7383578581541496,0.6760136153322462,0.8135717746854695,0.9637849091958555,0.978146828967539,0.847781489420863,0.8061530746613766,0.9090663696872597,0.9454803158776928,0.8313866135495506,0.5510208779483547,0.8685110567182176,0.892992945100763,0.9451448008723095,0.6895514078693221,0.7566863697914418,0.9330974000408406,1.1448125469979435,0.8713333198204615,0.6774242594111716,0.8653210735480272,0.6388492852686954,0.5897849153680843,0.9405441179236624,0.990875788295016,0.9040906291735646,0.7255940551614575,0.804711317452246
0.22222,0.8467287664815533,0.7773942198150711,0.8722342738505678,0.7675073133052669,0.6437353037482058,0.8538226243268675,1.0828568414041047,0.7685330906578549,1.0906641589193686,0.6472863229600706,0.6856886453442239,0.9413573145520316,0.9627277808104941,0.7487042104952152,0.8917693266302975,1.0325453377963902,0.9276189355939106,0.6904228270772819,0.8241822249000983,0.895825948044838,0.6940996501226984,0.7608493132928682,0.8411878617318925,0.6767280592260524,0.7172901164432216,0.8455442501469734,0.8153725391634583,0.7514776877209342,0.8826336431428428,0.813677047271851
0.22222,0.4867126078398423,1.0637574493429307,1.0819485937724986,0.8216767357386955,0.8611356341984775,0.8090280868438293,0.811322253361685,0.8127795673148153,1.0274494903926605,0.8561105744472867,1.0006639155347383,0.8412252231568281,0.8442707679312625,0.9135826395762336,0.8313829918638183,0.8014514098565626,1.0504329511280674,0.7181130955246352,0.9512298053399819,0.862061447294034,0.7636638642121376,0.8755923252295332,0.7880495773589505,1.002423198044669,0.9624432939199975,1.0377027359782038,0.7221069601342136,0.6792975869788481,0.79511416594972,0.7018679484714271
0.22222,0.9913955422114017,0.68111321130678,0.6747708646748912,0.7559720268602934,0.8316244387719164,1.0596976929006465,0.8519025709713399,0.7942104395447399,0.8384274775463344,1.1018508469910264,0.841467644066946,0.928697901423582,0.6449569188124822,0.7092607655968485,0.8239831363242063,0.7120602762833714,0.7630910844782335,0.9687763709341964,0.9508025065851727,0.8550103706137689,0.8832350497664416,0.9630990232911409,0.7841526035617227,1.0730326582708052,0.8548641813161344,0.8297359315077968,0.7917894412792545,0.8649720374844387,0.7908435515265296
0.22222,0.7630711346662223,0.8108380637380611,0.8969051140885196,0.6430858022694347,0.8808610549083224,0.8536953443801764,0.8804269817470067,0.7440114580631899,0.8250795989494609,0.7235793249861561,0.6335168038781361,0.7696230743684838,0.7272742394317063,0.8240111938636042,0.8924561600471522,0.7105486011643998,0.7701285569065734,0.7983939724981794,0.7505213445809684,0.6887350694955809,0.8550844042648191,0.8940374740147083,0.7813477941941173,0.6708794757846129,0.8608414148513105,1.007445953216171,1.0129260545014984,0.692778234143268,0.7192264836491686,0.7569364655147162
0.22222,0.9130872850279378,0.6510540649740109,0.7659608164895793,1.0026753982297585,0.7607579034740144,0.913252755500466,0.7344888996724513,0.5088149975135392,0.7974504351055113,0.9354755587205529,1.0006633795188002,0.910327431092987,0.7370092678647288,0.781468265071155,0.7687211034571595,0.8514591562430608,0.8418244292899768,0.552077467915168,0.8528096051974166,0.7405960835457733,0.6171353977808496,0.8573335898583542,0.8100655548979097,0.6507495797739314,0.662853357295151,0.8821885375588797,0.6939726404441795,0.6336067654590066,0.869019120121557,0.972343617135344
0.22222,0.8116215363636466,0.7985081804083441,0.6273356816083442,0.7607160308782887,0.8463868847573435,1.0002955038587165,0.7336366502916434,0.7036774265732251,0.7240477039735504,0.7616227622756836,0.8732425268647228,0.6383246390009678,0.9820282732025969,0.8519185718475977,0.7539622293974052,0.7472181033439791,0.7255496972389748,0.7670172373619851,0.9579477690936539,0.7148997150347478,0.9972873541641081,0.913458390061129,0.7350798922317849,0.9419711142362633,0.7567804378062356,0.8537060549696667,0.7061949703955231,0.780765920868513,0.7814302299765555,0.7646214594222975
0.22222,1.0631105306836406,0.7100403370621841,0.8744595574855477,0.8122682401259893,0.7791493274813914,0.9025895550887689,0.6982359665474662,0.9401949439066253,0.9159508871967615,0.8596891147667223,0.731255283587748,0.9138492484498507,0.9413745383753942,0.9080705090786874,0.7394446225814759,0.9029993967521308,0.860874892625855,0.6893809626068942,0.700492676088393,0.9016857759801036,1.018214752386393,0.7253194333810112,0.7409782591212342,0.9285966664040198,1.0209260718988475,0.8781865884997215,1.1525197054947964,0.8007129733695622,0.9573626035904232,0.8603066813625008
0.22222,0.7178328557507425,0.7214102291344826,0.9341893410147667,0.7651533407693762,0.7467905746984652,0.7315486452018181,0.9690115973585537,0.6236335246435536,0.6250558726971156,0.7912716089509358,0.6197343986797822,0.7140622757532257,0.5746345352806534,0.8244524077570033,0.8368102140733084,0.8067531362755376,0.7502287180118772,0.6792486340754184,0.7822102479317253,0.966396154698605,0.76899242450372,0.6820700856132986,1.026492526740049,0.7826662524989565,0.5939296113541589,0.5341416544290671,0.5710961500467612,0.807633830683195,1.0349949801965004,1.0745242754704265
0.22222,0.9866476938055694,0.925468060132872,0.906463782170819,0.9502614731693089,0.8627183388165588,1.2669259723277344,0.7213529132283354,0.6879436949375037,1.0209804759162564,0.8468129346464277,0.6842319896204476,0.7902121550681592,0.6672367627873634,0.9060679591314053,0.8909680956418427,0.8316995515981944,0.9864060185414596,0.6429480464571916,0.870915018068952,0.7518802267612185,0.7809654056037879,0.9961494650379288,0.8021767619923978,0.5791720179270253,0.6324167248148699,0.7141317145419271,0.7600530188923728,0.7506932802752728,0.8603851628101372,0.6581666680086578
0.22222,0.7072495693146656,0.7331493980010787,0.834512475154046,0.7346212152008086,0.6367141292497188,0.9302008179233714,0.9903379920289908,0.7123397498650879,0.7306717072383414,0.6398386258449433,0.7703083899450308,0.7866312784249307,1.1298838413994192,0.8204457051867184,1.0507310527559057,0.6360562212469687,0.981273627550276,0.7255098822534541,0.7737427302381179,0.8250045789388754,1.0817359700931672,0.8584653648185692,1.09457852281159,0.9542347418970789,0.7675572865547473,0.8789357972078122,0.7156440912954262,1.0878045629997606,0.9236346212608576,0.791355536255955
0.22222,0.9259642318794911,0.9044942074161229,0.7123218099436088,0.9076546199019363,0.6777597349741755,0.8959158791473564,0.678454206667273,0.814157434750004,0.8149123752275785,0.8240238112079868,0.8363104130218458,0.7608941858135548,0.7387830672236525,0.8493226276013942,0.6968584609661044,0.8076626064422051,0.8961177804132662,0.9823424738858885,0.794623915904073,0.9364761901214003,0.8205303614738577,0.8387788631870043,0.9131863916274322,0.8506571332115684,1.0653198914210542,0.8848644215512443,1.0551534198992278,1.0379182753907523,0.75549959677724,0.816836852314193
0.22222,0.9118978504656853,0.731026893589805,1.00655305823669,0.6863517727305196,0.5719114715763746,0.6899656758721261,0.9096391020294069,0.8636497071143244,0.8318180751074766,0.8596363668950787,0.9995605910047833,0.8367330928044505,0.9663132414827916,0.8032079527535988,0.7302217945443041,0.9378638398247698,0.9546533489959065,0.9872024270827606,0.9313243169094008,1.0301976946224713,0.7962921019034225,0.9386979696854627,0.9637688911223413,1.032691462823898,0.7606614205238336,1.1639591492905283,0.902116227522288,0.7547106642401327,0.7218296358137278,0.7285400778979044
0.22222,0.8498743956560041,0.8464266188068967,0.6646010638148258,0.7349653324066947,0.6972931883202926,1.091445509345312,0.7072376299114612,1.1361251837557707,0.951669053338546,0.9829051746538858,0.8250164357639923,0.7013419247696654,0.7929367263041412,0.8892203401728407,0.5987910456147835,0.7859426496638754,0.7047681479642525,0.9661051091363018,0.8228517401614184,0.6369314412689655,0.7760529974611996,0.8711555733741039,0.68007755002699,0.7958773004292287,0.820323190955294,0.9619891105343612,0.8996269914455528,0.9553898013789616,0.8866588643748843,0.8903230226298375
0.22222,0.9182208328386838,0.8291039626769033,0.9328895265296714,0.7695514209916964,0.7164496964735761,0.8053619843227492,0.6181847177218165,0.7235206750275532,0.7139611893215613,0.7235646253613325,0.8264005788151145,0.6485286348870212,0.7304191983814888,0.593025223347012,1.175170010057652,0.6931629295779073,0.7248654161586819,0.7540502964716653,0.8196337905427922,0.7918485877452499,0.7736144263157286,0.7883406759476511,0.6948174157656126,0.640908297312077,0.7547411061994759,0.6313106069431009,0.8932023811078073,0.7330941470462813,0.6920533912472581,0.7495731025919887
0.44444,0.8916016115545532,0.795754430035292,1.069146074360803,0.7002222222191321,0.930010277441242,0.8881743979552195,0.7661296966312128,1.0754727703741782,0.8894804882827242,1.2092636500431415,1.0034404465335383,0.8188470105388699,0.8776131542849783,1.2833207558644562,1.2932439842668486,1.0821680744284807,1.1675466923013105,0.9918648571432112,1.0558963395630785,0.9190272457645261,0.8166015487554004,0.8612288639718473,1.104441310263851,1.0477636593557211,0.781544417117399,0.6686238962131029,0.9291860077711396,0.9039257218305929,0.9143179139691799,0.7849970418785958
0.44444,1.1540240312479852,1.1528634093321692,0.8142231715824964,0.9432625230196893,0.8127315814786752,0.9508349531512268,0.9865781957506176,1.1181700874456353,1.096666022964551,1.0122390246475548,0.8455212384831787,0.9198839347275406,1.0923144799040871,0.9395871581650541,0.9336217975289333,0.8706259509373285,1.008980340500899,0.8294503774959089,0.8915155571170583,0.975085310260455,0.9175988714626536,1.0477242022951738,1.1849683276777236,1.1444562464669623,1.1916758688410616,1.0771865051470986,0.9323612921690687,0.9841649921529827,1.1756927057298876,0.7855030263340477
0.44444,0.8738321872721387,0.8839744869930566,0.8873398012474076,0.9893258464292164,1.014765429731281,1.1229872048741407,0.9370278162981068,0.8942341976663907,1.1423362888152628,1.12276415349288,1.1182920389962552,0.7452551888320008,1.0567418059004077,1.0275253455367876,0.7831742775937474,0.8344137545630551,0.9080400460654244,1.0175146942149484,1.0390053811951026,0.9538624338878271,0.8570057003723708,0.7368491071737695,0.9784807674536067,0.8861882714431306,0.9235042785623129,0.7158089212592087,0.9108446805588378,1.172279629248926,1.1222391213082907,0.8314233088656431
0.44444,0.9697490780575005,0.9999602972176687,0.7177902173470011,0.912002734819267,1.4981516630657,1.182323693201667,0.8076148511204316,1.029239728700114,1.0818113649373562,0.9382856748232253,0.8234355095305422,0.992182213007204,1.1592610231170797,1.2137839817089537,1.0248934233418505,0.9174141336268561,0.7969712197305006,1.0807518662531421,1.046993834682985,1.0860091587079477,1.0665196709093834,1.296526252049505,1.1806846906271664,1.384899318297934,1.0505821979433603,0.8332699556319371,0.9578143065275772,1.2232589743472568,1.0573409213366305
0.44444,1.0893682766741721,1.0388739903795454,0.8100749735090745,0.950156488926056,1.0087360816011182,0.7253484270802301,0.683141927657922,1.4093774990465522,0.9704508791574071,1.0410676076071295,0.885482951625323,1.2972910998585048,1.4175821820746541,0.9457360845820914,0.891922128883216,1.2115400384347939,1.0236164495739766,0.9188083767264166,1.2036409188088146,1.0634154098194577,0.9971935331475424,1.1006343113665937,1.0259728697642168,0.882623233409317,1.0928088853045896,0.9163397214960264,1.005640795937375,0.9635524069648095,0.9807355240113953,0.9465595935312895
0.44444,0.8981407619688987,1.020305831658339,1.0119922799098628,1.1824820859026504,0.7871715886719892,0.8760243022186417,1.2761616096567292,1.0893794479771362,0.9544954051422165,1.2088593157923355,0.9223300621664019,1.2513259513234378,1.0529090741441134,0.7676869622738919,0.8275163822350557,0.6903151894374648,0.9222498412074127,1.4519922547830686,1.1439921950189238,1.1048880579166906,0.9470813733929301,1.0322922323321864,0.9331930748488315,1.0211078450979512,0.812206262837502,0.9408264292865758,0.8923831369788295,0.909927336574343,0.9687690253029806,0.8201470265744532
0.44444,0.8870871229551123,1.0575859866075106,1.0817518509154476,0.903055940950858,1.1419770533938738,1.0805976661025398,1.1121057381662802,0.9790439679474153,0.9597694972183406,1.2647728159623648,0.8876521795979169,1.007449796635084,1.0099803769165745,0.942023127808316,1.2240726486058293,1.0910976675054687,1.223051299157494,1.1155394201164046,1.3456653453282883,1.0850094242803714,1.1758647575638728,1.0190619323746495,0.767513490347962,0.9749816870456495,1.09424151981818,1.1152463148032994,0.8543201511439109,1.1370491467462283,0.9964283573657038,1.0780204207982118
0.44444,0.9985911707640085,0.9420213165319711,0.997033430502261,1.10424694975164,0.8040238915537867,0.8147562956786033,1.1865183192378652,0.966171107387339,0.8433339583708412,0.9602096034328705,1.152057821466022,1.0101310517698383,0.9369955170344068,1.1574202592055705,0.9038004429706237,1.0015437149647757,0.9398978678963527,1.2098952885809895,0.9178762482722511,1.0670322976822455,1.008490417015061,0.8632097855450837,1.0063357550425904,1.377272493411881,0.9349382720330097,1.0554555051097698,1.0183904431481823,1.2011530858417516,1.133737314480756,1.0958406643836147
0.44444,1.0536684839712416,1.170643996795922,1.1269039005879031,0.8861735504523935,1.0997282961363617,1.246096501977168,0.9763504078990471,1.0726138666411325,1.1265464163909766,1.103113151935267,0.9013547432041786,0.9276950758368485,0.8859272561408872,1.1255543781190571,0.8218574226766663,0.8651868507364727,0.9497659161573312,1.0772919515426647,1.0992577134974537,1.027373127379981,1.0706941204754488,1.2305369019567731,1.347734745505426,1.049393207160896,1.1366814165925638,1.1587003992139486,1.2055273303795881,1.041422973428899,1.3069748369055274,0.971813363221286
0.44444,0.804355996643915,0.7985756913802797,0.6402515702250378,0.8404828769805543,0.9864109799718629,0.8067891042916733,0.8138138752772757,0.8461470694262413,0.9741010074796147,0.8025063120578229,0.9577137613841866,1.0967408954041142,1.1908946256704789,1.21125234751116,0.6993757966300911,0.9914149341989156,1.0024970758253189,0.930830409062068,1.0045897642514638,0.7758321406895439,0.8295456066822102,1.037348547179007,0.8574306489856898,0.7197219250444354,0.9348560617106999,1.015354525023384,1.0875776606946106,1.0176926959380783,1.0201013037992162,0.9945256712370456
0.44444,1.157140439609233,1.0420344219569178,1.0095548999496864,1.0631711609513463,0.8611212450594584,1.0435134302398243,0.9165458906112506,0.8949238215732778,1.0664643348953309,0.9164207651061909,1.1442763808044887,0.9593904933152183,0.8752094392177079,1.1395342917300504,0.9234113779933848,0.8321770160925978,0.739921110627057,1.0915820301347645,0.8648868268800961,0.8874339305056587,0.9371096465843544,1.4128593294259175,0.8620403475677783,0.9681546893160927,1.0587426631654524,0.7068971034943229,0.8830629006638635,1.2133712549988678,1.1534170378533286,0.926163044385365
0.44444,0.8627571371044718,0.8992086635898655,0.798111711773247,0.991102234731276,0.9263737875881105,0.9205169140223972,0.936064029671098,1.1125144437626466,1.0942171113305745,1.0293021890788474,1.456544849609271,0.7626426117915731,0.9502076152013261,0.9201977879127319,0.7928490640421024,0.9481297695445361,0.865636607224108,0.8477446531573873,0.892712409193342,0.783678081621203,1.0454933377833813,1.2331928013134428,1.2387437170509392,1.0241735066888007,1.0998808513570217,1.1223144757293864,1.3869096599494428,1.277485486032015,1.1268117951354966,0.9579816701139026
0.44444,1.1763886481000738,0.9458761096451797,0.8893380357367934,1.1273477812896808,0.9036347084342322,0.892052158727819,0.8954955948218557,0.8043464342250585,1.1822059801519196,1.132839785082931,1.092567574139155,0.9785582652287552,0.8386138838477039,1.0867253391344065,1.0099702681157425,0.958727882554424,0.7971664213632871,0.8396449534105,1.1329595709197338,0.7991915170159795,1.235071222168631,1.0013889293611744,1.013408994056424,0.8323831632827787,0.8421929528513984,1.1105879729981865,1.1438204302819301,1.0566906903956084,1.2408560706047986,0.9645526149939082
0.44444,0.9234637457443308,1.0677040355738636,0.9381347946083135,1.0345075338096765,1.1989194879394296,0.8385840711459542,0.8329123560011665,0.8350190470074433,0.979248474026944,1.0434179493109215,0.9805097530172464,1.1302852671908237,0.7913362659421727,0.8169265497341875,0.9770051503658806,1.012548705919356,0.9311824273445661,1.0069154172649726,0.7999862753156691,0.8992626072808583,0.846827818099076,0.8128688064019692,0.9508853891745153,0.9331795525082471,0.9270373846763444,1.4548756112735388,1.081321480091576,0.8185815947538329,0.9913148126644831,1.1961640509210685
0.44444,0.7442231280230842,0.7809203666546085,0.8676234810398396,0.9342112537303051,0.7685635779162846,0.8711730834163272,1.1541755037956025,0.9617612390092792,0.8689539372632323,0.8545114732015738,0.8890991437051302,1.0570110452337362,0.8556421021835754,1.087029082163704,1.1976496101348335,0.9501421333124734,1.0390416620627598,1.0516152003406174,0.9200420563411984,1.014937722209959,1.0883645441352456,0.9230969653434723,0.9532539662373936,1.2001781367444473,1.0513703368035796,1.3310380280100231,1.0242526335306694,0.9318788587168074,0.9510434840491906,0.758716437879743
0.44444,1.3227860459603793,1.1834754532018412,0.8662083421678978,1.0043431311433326,0.8786876529828735,1.1281540317275616,1.0460536256704878,0.8272851204846605,1.1819659772328497,0.9684610723053257,0.8880246067600347,1.0182796922598103,0.8837303988316172,1.4263377415529983,1.3124707521922827,0.8215598849858599,0.8256336495264801,1.554713065553604,0.9011915799155071,0.8466011229284304,0.9406028608217786,0.9923755489723036,1.1923574603733247,1.2286833422449908,1.1169448659468606,1.077280530626651,0.8810304025347244,0.7230585086047655,0.8599698405852367,1.029387645947367
0.44444,0.9903794259665746,0.8973303935546656,1.1145985822195816,1.1267677458082468,1.071220764009702,1.1763896594747096,0.8422283619074812,0.7597866710553032,0.9821578785200062,0.9770501213939281,0.7546734512971739,0.9943647214970073,0.9790915333846273,0.7887981431054362,0.8853247862879984,0.8557970604769747,1.0012028002838984,1.6088637266198575,1.1921245698942509,0.9982308773329536,0.8741915631070165,0.8121670377794937,0.754117059305715,0.9819748658792729,0.8791743216325689,0.6928669702736249,0.8988561740821785,1.0455055678105276,0.8836540350584362,1.0675863702506092
0.44444,0.8608389763311874,0.7260427211053223,0.9080244760904159,0.9040488611740438,0.9167962272957699,0.8439561921204679,0.9616486356663015,0.8952280907825855,0.7236563267631523,0.9277461186895709,0.8608241975409846,0.9111683809790369,1.145533458873621,1.2529919203036326,1.158043918530774,0.9330985981797373,0.6429442685311011,0.8584948136945195,0.7044657992853733,0.8551851937073102,0.9307823409641311,1.173781467674735,1.004505984838337,1.3058754215827144,0.988703093792106,1.2003161964667686,1.052424582257584,0.8200709108374811,0.7765367324577266,0.9554775192831559
0.44444,1.0348351618361158,0.6923626729269556,0.9494729765877034,1.0966708469460642,0.8350885841772112,1.0418625775043833,0.9742710011163589,1.0943309967102899,1.1347022947447822,1.3582557229844887,0.8559813895781405,1.01396846036638,1.0667806422307295,1.0414250514679442,1.178867816312275,0.8719773696470381,0.8666656845258834,0.9124570257464151,1.0403514777822491,1.424100482409161,0.9929103136272263,0.9900516358211482,1.08759332641137,1.1586324968171275,0.9548319464765797,0.9180319234818142,1.0137189609674486,0.9129319249789752,0.9680002892990632,1.0569129876091305
0.44444,0.8671412264676607,0.9019548790395805,0.9242532051745317,0.8844334386495272,1.193195480174599,1.4057414183840078,1.372359706043179,0.832531135816411,1.0316775349076852,1.1564175983219254,1.0222277645332605,1.0352714810684647,1.0270281975566788,1.333516825074552,0.9297042176850413,0.8811372385047084,1.042177837108471,0.7229600731576903,1.0762272604264402,1.2380295754417667,1.020073616689098,1.0904191288810965,1.0100790791017626,0.9831452765215024,1.0141709303667767,1.1292333618149124,1.260203219030069,1.0116066403332995,0.9543907146912016,1.0521830258454394
0.44444,0.8344456419716195,0.9295640981204276,1.0319579590616175,1.009943913620261,1.0020508790694032,0.999773404950186,1.135798112978711,1.296181964829667,0.98173717127272,0.86992678990076,1.0871270468781087,1.3933146939388463,0.8890845434982306,1.3258237991940758,1.1924986543514373,0.7881115708771403,0.9496923475243799,0.8389554546131068,1.2514120463334242,1.0829002064692308,0.7621153948476889,0.757227592009613,0.9036313990396913,0.946131203386736,0.8260777723588749,0.8063733619242425,0.9523428171421152,1.0573702159390985,0.9942943599552961,0.9658840691923686
0.44444,1.108884005220002,0.9466643424079721,0.9716663788912312,0.9911037150169679,0.898030540890711,0.9942824923560779,0.8490097401522585,0.8904687472981113,0.9986143400090248,1.168186340898403,0.9269110994092643,0.6160980139317793,0.7157341241672681,0.8236488575935199,1.1752574355340653,1.4221739135432756,1.0667902940519796,0.8635794422419347,1.0821978584552243,1.2061217931069639,1.0147949922933504,1.0847731375192722,0.8339933752536954,0.8731644159948073,0.9236156475313002,0.9082979210944028,1.1489509623026335,1.0499860687012847,1.1938827632641553,1.1407698148347873
0.44444,1.0356531681944934,1.026463329195553,0.9227903772935488,0.9993227905627265,1.3106619351862658,0.9719292818961365,0.8898852445419305,1.0686338273749068,1.0072630276489074,0.9374997513924541,1.079244405052757,0.8959217125474005,0.8952796637870892,1.1791247222496628,1.0214190027421302,0.8667667842915208,0.9303252567223237,1.0500412073186265,0.8460338873051645,0.7766256157823125,0.9282394090253577,0.9017431113651021,1.000484230864739,0.9827964751769105,1.161400695764621,1.1588460190958607,1.1123164181799838,0.9650296958941097,1.0200817390567127,0.9542768040272221
0.44444,0.9460078287186529,0.9423884160665759,1.2235593494415755,1.028580014986086,1.1507046431925747,0.9275693995841915,1.2654181291938407,0.9147419298031048,1.1466104316624797,0.9555765666630783,1.012853332282315,0.881511732889944,0.9959231152211584,1.1384711445450517,0.8276169724095183,1.1390347809376529,0.8721826870737148,0.8087491984712132,1.0733891064821082,1.16036009119349,1.0614463261580667,0.7679028318647582,1.0584232483144804,1.1726597824836447,1.1377311188613255,0.8511042032928074,0.7730698267581428,1.1619640408374516,0.8914930777431064,1.07973775930046
0.44444,1.0815083564406738,1.0607836588193826,0.8754628521704434,0.9652044644897546,0.9969309688117944,0.8188920590619327,1.07317807559844,1.2274160179404932,0.954567723109527,0.8775390226515632,1.1593353635746197,0.945925118132092,1.0546349063908038,0.9367745235832817,1.0017442028419092,1.0122507574675044,0.9967484302978196,0.988584782207976,1.1639985328879003,1.201256634791212,0.93834388479911,1.044120411974423,1.1147375691663908,1.2113779493450993,1.114772007214864,1.1674904403722,1.238986861097059,1.0527916820900447,1.1094625796267836,0.903473441732869
0.44444,0.9729067775108292,0.9668827701393304,1.0717386953443149,1.1448344277998068,1.025029497412771,1.2698376297210514,0.9659474025766513,1.090088861088584,1.0755066815799077,0.9175501336067393,0.7438037876744128,1.1079095318089105,1.0855696358042755,1.1466972303248921,1.0793741454802654,1.0583571510514793,0.935463379993452,0.977680216337679,1.210799342161439,0.898084281805298,0.9415284309047222,0.9588953373428989,1.115960679049492,0.8119265813817028,1.1670380006417564,1.0405704683804855,1.1732183066760196,1.1494805727126163,0.8692473880443833,0.9905063373576505
0.44444,0.9201398347941931,1.0265311005777333,1.1375801156162908,1.0129527155760074,1.0499343967116122,0.9155510621509042,1.1095560382561764,0.8995229398056217,1.2593994408454943,1.042902763113984,0.882981743065347,1.2298513819581431,0.936865079390072,0.9267851445031018,0.9868146365412976,1.0213555004937445,0.9631942329962951,1.0685550399566879,1.2915234023450344,0.9462556401779,0.9363981888176623,1.0270170365209694,1.0367243000875865,0.795059863802176,0.7017661466664472,1.0115240514791757,1.1230473511313075,0.8217882415981823,1.3175940469327876,1.1410346187486564
0.44444,0.9573237145828896,0.8252558700078317,0.8315045882507832,1.0066143752128012,1.0295388794181703,1.0916871849614473,0.9316276524089215,0.752908614963558,0.9290908705230012,1.01705496455118,1.5026844263122432,1.2399053329758811,0.9243086051761688,0.7341675323017033,1.3417268550232957,0.9906522172710894,0.8179754590481604,1.0697686100361485,0.8892308665027026,1.1244387993389382,1.0586168102093325,0.8861454819651153,1.0376830245327648,1.2788814237522708,1.205952489788844,1.1316629434490455,1.049830428294038,0.9159355108745423,0.9469005330101825,0.9232302221816574
0.33333,0.7263010816679136,0.7018990017387542,0.8477991117678575,0.7924802536705021,0.7683121034812509,0.7369122038696501,0.9111221426471898,0.750403558026888,0.9198445196022162,0.8022806808669871,0.7778070046900465,0.8656051115642134,0.756712503810449,0.847024187923911,0.8342052772410924,0.9358576110809752,0.9218626421170212,0.76891773410477,0.7099041063851539,0.7684282245322522,1.1031039002931775,0.9748412057022172,0.9903431832677705,0.8881700298991859,0.8562234400747356,0.9561489480438384,0.979424108622835,0.9255622315122533,0.9100800771830786,0.7164154170367716
0.33333,1.0646760849433847,1.2761096526898899,1.1150607272399387,0.934410929049293,0.8913371893016249,1.1735669877089654,0.8423984024350314,0.9937352187353048,1.0183847095519867,1.1081331160056105,0.8060208686697584,0.7271091250614745,0.9540110060997394,0.9788774755648635,0.9011198860338067,0.6007836068268755,1.0619060532993772,0.7375322026375676,1.005575612566186,1.2887148032006417,1.0209542375321075,1.215173986228962,1.0288948048874644,0.9603950613767315,1.0250722520523678,0.8576722678508313,0.7843580093557212,0.8013839893588891,1.1252024328645467,1.1178592596327301
0.33333,1.087968772780454,1.0582871131094254,1.3311981180548096,0.8474468157185139,0.749885825437285,0.8195132976620837,0.6366941916511084,0.9307328837225645,0.8429944750741508,1.2207359546824417,0.9480797229964162,0.9645838258751981,0.9837046009263883,0.9452234091637827,0.7143934420906002,0.7426677973376372,0.68704213935785,0.8216688532875419,0.8933639089900044,0.9653177998612689,0.9465212368740965,0.8763505248430004,0.9474802958537331,0.8755259202672844,0.9694639673358229,1.0519666149159181,1.1131141368809963,0.8664054816446702,0.9212385380616543,0.7020152245375922
0.33333,0.9369213619481219,1.126845429373409,1.055051596984993,0.7325296379068588,0.8675772888343588,1.01426222597321,0.890809089134206,0.8836928366467587,0.9219325246875006,0.979852143992655,0.8017178725830874,0.8739498914621675,0.864035202749165,0.9119762094555801,1.113305333820938,0.7610235655460692,0.6222325209121115,0.8405026165733832,0.9508760635338029,0.974815187173393,0.8565964920574894,0.8385603755403666,1.0732832431207868,0.8910764100449665,0.7959749586212158,0.9550694567461779,0.9322416613464332,0.6698968549211562,1.092907590638967,1.0484804676979713
0.33333,0.970580952171479,0.7474123010564097,1.0313191107395894,1.0329035913777889,0.7760098371662211,0.8653619171570012,0.9532546040569567,0.9195779052802258,0.882614841357814,0.8111338779289154,1.030664499063604,0.9885548744322142,0.9207496799093952,0.8636077918867119,1.049381648145709,0.8603326227054511,0.8138141033247234,0.6851112367368485,1.0788286198676489,1.1077398500865792,0.9716932178854054,0.8465473545402675,0.8054865297660002,1.0333122379787751,0.7562465093734745,0.8791435184932411,0.8543643069254551,0.9166669509601713,0.7598457390223062,1.038218317641742
0.33333,0.8879529418411832,0.8289130357928024,0.7574694294831129,0.7287311207725111,0.8434159268281197,1.0422478148940209,0.7792582797763311,0.9229108914559194,0.8349429868343703,0.9913143193064929,1.0468932967884053,0.8381057754590928,0.8014587209176856,1.1388588188742566,1.2661888544752562,1.1125528754697704,1.0951007861513382,0.8983277248475787,0.98206550674809,1.2702833726963234,1.2654784864345925,1.0726221453311204,0.9098718552495209,0.9509109225777864,0.6635542111505466,0.9331502060075714,0.8984916183258471,0.8791252612941438,0.7603816434953992,1.0159102429438298
0.33333,0.7266946248837051,1.0511304837645707,0.7917894047390439,0.9576657192853516,0.8230304138996544,0.8534916010287519,0.7358655980877764,0.9730987027515591,0.8219620262244632,0.8172648313546197,0.836797694245607,0.9873944594172416,0.825820718328043,0.933444338067384,0.8120054255548188,1.1793373047557825,0.9211581245977549,1.0297355864669502,1.0316200107817264,0.7889026658675695,0.9686281534387345,1.2555595359016667,1.2685342968928808,0.862636448397868,0.9585075289529276,0.7652708182873866,0.816926762149287,0.9292218282554081,0.8164120056118366,0.777360287040519
0.33333,0.8807191376176106,1.0042956553882818,1.0046838387615957,1.0889735489645298,0.8853048921275505,1.0619409663359052,1.2897962095668156,1.0240744266493547,1.165731055287632,0.7922701144970206,0.7422566047068545,0.831364178184998,0.720303801235739,0.8224487364033307,0.9436005019869201,0.8497702235284303,0.7420270437755268,0.9724384435154861,0.7627592296181546,1.0024159616272497,0.8922517525826462,0.824617094755618,0.9431713201547307,1.105288360193692,0.8432470339121982,0.8969555234669715,0.8402138915170971,0.8370999466425548,0.7087391759951127,0.8431198724197234
0.33333,1.1429649568209255,1.3085863432939466,0.9874822386699297,0.9929254958308653,0.951362464131327,0.9800724791934512,0.844733436243571,0.7649124493452488,1.0132967337825975,1.0491371298587786,0.8751718249026529,0.9705115139433652,1.0896386387806647,1.176958907669109,0.7781806743647747,0.8613332522369455,0.8683575963584027,0.7069605145012705,0.9160339698419517,0.8822714181241749,0.8533466103055366,0.9119020650429861,1.1064036785548264,1.102652996663433,0.935284956705388,0.9927361466961676,1.0104985004954288,0.8144163907075046,0.8781656271901136,0.826828894365417
0.33333,0.8755589810404353,0.7864503594598515,0.8353204703660876,1.0414017347975268,1.2479367840527291,1.1517433369752217,1.0779079481986116,0.9275263099448033,0.8666009852698501,1.133675501254633,1.1323471842750659,1.0693536686967693,1.1830364137026983,1.0727441874434482,0.6550523894147419,0.9259866527938291,0.6108248614053395,0.6670337739730238,0.9490542702239453,1.0425051194300095,0.9683869775718722,0.9036168066381465,0.9575140076400978,0.9137235221631992,0.8032025141876845,0.718898422241623,0.7698998147065433,0.8054785348242226,1.0881832026950569,0.9758471723806704
0.33333,0.9606572514037077,0.9449462909336274,0.8246297570749624,0.7965424082108375,0.6874574093042194,0.8431556371203506,0.7504637593182886,0.9659343280057326,0.9161845063658136,0.7568164434996887,0.7415864473921933,0.8528959916540912,0.7594013334464893,1.1236566890771487,0.9038408770323916,0.9239967383845921,1.045958023533763,1.4128228916956402,1.0620461006022395,1.0427862893085904,0.9997801647269919,0.7568227912503508,0.9623202953224114,0.9422834209164794,1.0552999381503256,1.049507738900497,1.0429301853642345,0.881533094423246,0.7681939122976202,0.9034968527211997
0.33333,1.0338583165516113,0.9537001140557725,0.7667802162665953,1.2709379712065167,0.8365648035695347,0.941162871504984,0.9727091620154557,0.9954210778392525,0.7939812802932065,0.6744020301378923,0.7216726193581867,0.7570325132670196,0.827514457161126,0.7482468568397459,0.9475518649178271,0.7824754690495489,0.7922553370231304,0.8433874271736509,0.754102744828832,0.9343324212390656,1.0057865738765073,0.9277410648604617,1.2983876228419524,1.0252838524378123,1.015758014540771,0.8405918001128893,0.9585946143059303,0.6420442595010264,0.8320960310543012,0.8527703766333516
0.33333,0.9478080170589317,0.7408948311696194,0.7641100533372526,1.1380140477141854,1.1146536576875072,0.8694363828980065,0.679917321358242,0.9790815588532273,1.1007131912179153,1.0537762167494438,0.9229420558501651,0.7992069130547613,1.1724038303686026,0.9726388530022163,0.9312080029931229,1.2600525170725771,0.9061431094486548,0.7168335334770874,0.8575592257245955,0.8792545156259133,0.9984297025995895,0.8963497922202538,0.9678042552093875,0.9926718907926959,0.6794939101491613,0.8745106619447387,0.8537861749085562,0.774220885922908,0.8742035717263552,0.8457366525825905
0.33333,0.8009894984463791,0.8764684688496398,1.003295602711452,1.0714777551171992,1.235982497370457,0.9452651749290584,0.9051278963061833,0.7428292816767135,1.0629229519014662,0.8710997367514705,0.8758208518240151,1.1005699089055492,1.06928402995438,1.042283038020112,0.7849826251058925,0.9635441411580256,0.9545357560078136,0.9425115767253285,1.0286363949116464,0.92756980367444,0.8780684756702628,0.8134916209387911,0.7999317410965496,0.9325639703692143,1.2370086928533532,1.000587013933878,0.9618862368565513,1.082381335184011,0.7278530365697202,0.6285731951960153
0.33333,0.9960166293588127,1.323781838087429,0.7595721587806209,0.8716320240465693,0.7785907758030847,0.7377999247593658,0.8459381583348066,1.0261075896198906,1.0308677673932183,0.7670079179969197,0.8976062709477958,1.067639242910976,0.8510590821677374,1.3574116183567502,0.9162615644012294,0.954948064922932,0.9399898439114511,0.9278427143043708,0.9460628603595804,1.1089245592527643,1.0310186730118385,0.9805332910522102,0.9960822845000261,0.8614367541450882,1.0121261228231022,0.8117884873320388,0.8231470437235385,0.8003682762657482,1.0034375369503314,0.8322772486826155
0.33333,1.1737158133785006,0.9518945415930973,0.717198575511841,0.8596729866005953,1.3192492520227113,0.8972022279185695,0.7156298205299712,0.7237755226925775,0.7864757101008679,0.8875316450179459,1.1416278463261393,0.8849073651739191,0.7834746282397845,0.7246723039747484,0.8113732336330542,0.9320196568268719,0.6649818667804006,1.0271830243156914,1.0413110136449242,0.8122525988560685,1.2224541889701148,1.1053610894923704,1.070545564187235,1.0995231230761056,1.0040873719677579,0.9618343406946785,0.7720103539315678,0.9405649243431704,0.8541013250202779,0.8916255215437665
0.33333,0.9617087835967789,0.7058057631315924,0.6804825438137762,0.8889454204582337,1.0059461992514958,1.0647091207660246,0.7913151330918478,0.9451050992599382,0.9643602789539232,0.9483740390061606,0.8868883167305911,0.9524035747407675,0.9577431638872567,0.8750734256951507,0.8654947897035878,0.8672497921619514,0.7651778750659738,0.8690166967981076,0.9033928057110334,1.2670895912221205,0.7778833546827653,0.7889194616529481,0.7940591875590239,0.7620012991423483,0.6344212341472434,0.8752058682542516,0.8930472064523091,0.9912221189723053,0.8286066832634499,0.9446541500606207
0.33333,1.0335984457304521,0.9849664671987892,0.8168122323044154,0.7614223103541538,0.9232605841884766,1.1637359541872094,0.9501351065036806,1.0360909379091665,0.9813399458996704,1.0763582318391798,1.1881190517703153,0.8894707170416066,0.7704247521364336,1.0983984150297141,1.096294487013725,0.7874805503765315,0.8459990398440032,0.8666353883763873,0.8621216902955796,0.7868452810845686,0.8995717495237098,0.8521343238344321,0.8312139826811678,0.7382864750422327,0.9925604060200393,0.8866267894396866,1.020940836087092,1.036481986606014,1.021243272919893,0.862727842988006
0.33333,0.9476447019567379,0.9597619066842353,0.8673910749535405,0.9582131665352589,0.8483155425106585,0.6127186050624289,0.9769348183439535,0.7405462590258893,0.8946311266267021,0.9612357247537878,0.9325652621667743,1.0478000170376678,0.9236589694885605,1.003480960414753,1.0356409738487782,0.8238119256366186,1.0874086619206103,0.8240821178617374,0.8566264362278315,0.9327132778836748,0.8055253034200666,0.8562169654547371,0.6958309608766341,0.7816265784268012,0.8080923375875418,1.0646820990852295,1.0401028451857128,0.8062457983437724,0.8855719607290466,0.8589295211313644
0.33333,0.8595639371445759,0.9607986534282638,0.7729138306386053,0.8731810592559175,0.7937065188071563,0.948548153465291,0.982826894776246,0.8791570112771441,0.7031942676764242,0.7474463821932625,0.8164276915587388,0.8578584444173598,0.7853537866632336,0.7862370380615786,0.7717669350381735,0.7340031430077474,0.7205325126785322,1.0142886139058718,0.8866360792566177,1.0423635066853156,0.9668095390276209,0.6657211036873196,0.7571373189652552,0.9223171291676552,0.6602880544825697,0.8645033579621426,0.998791085632562,0.8586858158759495,0.8782500477690782,0.9154451087455124
0.33333,0.8956204576589317,0.9798862833615594,0.8231561071579068,0.9394614763396207,1.1101069014085592,0.7448076494502321,0.873383076046473,1.085693494733164,0.8602884668157335,1.011521326703239,1.00394906077653,0.9058333096100902,0.8207920541003795,1.0527901409476805,0.7943931480119265,0.9375579144997065,0.9339408006171247,1.1639429152849257,0.9702074948726614,0.7314882226575262,0.9925422659656449,1.0200446696066545,0.8803892733415211,0.7693928160087503,0.8819768276414983,1.1452598652643384,1.173691110123817,1.002029124419454,0.9093980356541812,1.0830679623852912
0.33333,1.0229583094927563,0.8736057312816385,0.830323347100334,0.7093214512670949,0.9697693511717089,0.8878044936747475,0.7968478055689244,0.9565565327959747,0.9468924746880347,0.8672022454510524,0.7660571541595207,0.9588293036320442,0.7986919822591186,1.0245089672875813,0.881058757060737,0.8847866241796564,1.1539411229081076,1.0007371988052316,0.9560262725830893,0.879428917842765,0.89743803596519,0.6372318089059787,0.9135047908970214,1.0882325006591556,1.2210485100919382,0.9417062381743033,0.9973934338379502,0.9466081212709785,1.0877747476380344,0.8096183475290725
0.33333,0.64598867563625,0.7332513435208433,0.691575315271258,0.9718862179770394,1.0059457565254573,0.7823417286822201,0.9600431881664944,0.9563876343635431,0.9620936503113543,0.9319464804294206,1.1085901472685682,0.9426319586412645,0.9505858962837296,1.0282364078090633,0.9301423514634249,0.9041691236423902,0.9946827491023664,1.0846834713113125,0.8998021902914548,1.1809875817606155,0.8889910123949709,1.0504153505421618,0.9285980924444269,1.024140946104044,1.0889867753441747,0.7806074263711191,0.6784856886993801,0.8999963329467944,0.9190632980066135,1.04183384572776
0.33333,0.9359203109520309,1.0208828965888446,1.201006893159511,0.8987675901246697,1.0550397075664872,0.9279486908297188,0.8982452870436034,1.059261862051528,1.0125618600834945,0.9581274998304025,1.1366720067732023,1.0155582123982392,0.8929917758067246,0.9395918923372324,0.6450656130834058,0.788369611739901,0.817181476939063,0.8150889489024171,1.1094446199275296,1.0355789034961618,0.9480076032475004,0.8479601231267608,0.8678893729189558,1.0324599756487398,0.9076436873743716,0.696295926628693,0.8292417172047734,0.9641392595398233,0.8871838878849112,0.9337987553472861
0.33333,0.742408455774438,0.6849793317928092,0.8882235006495066,0.8649171256935386,0.716592998921312,0.9397750874698662,0.8389400014890261,0.9547182136014412,1.0461247380683678,0.6657203850477382,0.9021867613712989,0.8873469854591245,1.070980292879552,1.148139675454586,1.0006043152428143,1.0813913814228602,1.0262872742747606,0.9220106468322795,0.8170591520553774,1.1824186538870263,0.9412556396908913,0.7339591145459894,0.9631914215593365,1.1450504415952494,0.9112830775233066,0.8062839843839147,0.9364517521844778,0.9219120319346672,0.9258629484356502,0.9626917009092806
0.33333,0.8032801141239002,1.110198585756236,0.9540974536580856,1.0202348341201641,1.0025457905721311,0.9101265295792957,0.9482114650003828,0.8391696815169104,0.8308213469784028,0.8477964187455048,0.9755901701520603,0.9622447274756307,1.0414974686035339,0.7404691013026117,0.7804727810796038,0.7723721031526989,0.7545003639062622,1.0336814426221475,0.8577296715179239,0.817255812419479,0.6707258005632214,0.8995190269590605,0.8362407583135796,0.7358179295790374,0.6961010452869956,0.840567787518708,0.7863350372860182,0.7549511834462371,0.9349298635987212,0.6483578327661866
0.33333,0.8069721901889035,0.7516629400135774,1.0071134231822976,0.8340305910368153,0.7681887829685141,0.8874567752718194,0.8050588877375178,0.8964143413878797,1.0746508805425707,0.8404087878101342,1.02428276383771,1.0333819344291568,0.9627818752449253,1.0108498623520132,0.6852596230808781,0.7409480446607931,0.7383885483989322,0.7934594980212307,0.8013852884127313,0.9919774810294381,0.9314936154896452,0.6868153939606305,0.8083721889855618,0.8136996466348597,0.927601555510785,1.0476757334239835,0.8690730050514806,1.0340938126007817,1.1799147361081566,0.8949520598988286
0.33333,0.9141086255093194,0.8442702743760907,0.7424483965411902,0.7926863630967712,0.9239459680055259,1.0480134838840118,0.9930451325339521,0.94174356723687,0.7770954893355053,0.9909824687031273,0.8270923113240833,0.9401388530090965,0.8943190028887077,0.9658847345905692,0.8906146903794359,0.912254602995289,0.8929406704528284,0.9121541465247904,0.9819937784414653,0.8580533243268302,0.6850976817845585,0.8051367647766351,1.0546672457889108,1.0263661063065437,0.9616415772926867,0.9730168937210953,0.9762955955512387,0.9390808713515769,0.7479669581727802,0.7481057273578097
0.0,0.7842949207023464,0.6156152185644015,0.835311234687709,0.6217345538003758,0.7506432501987419,0.5868524447245104,0.7937779212492261,0.854115724335411,0.7470685488298221,0.6759567588264936,0.5921576468418281,0.8126999592616374,0.6510646485499343,0.6009732332160407,0.7722485175205527,0.5737617828596115,0.7031642127979122,0.444977224318665,0.5731462749607471,0.5268010891881254,0.5812687829834585,0.6081079365868419,0.7545952594034657,0.9263476108514253,0.6353106289695575,0.6368137253002822,0.6824786613836611,0.62300384416731,0.707549156195121,0.6314664133463778
0.0,0.564689535300183,0.601195007268929,0.5343447778842872,0.6194242877261043,0.6645418824780872,0.8230879226675116,0.8303167536154403,0.7244445232525305,0.6491328796303932,0.7015547063324838,0.7325392348333898,0.5804634086984791,0.6488915654177667,0.6097778584673247,0.4705289843192072,0.6244667451064638,0.6796157098974556,0.8390041729914339,0.9644667920319603,0.7354502936454975,0.5830609251942007,0.6911919881204815,0.6417658853527616,0.6803480430638349,0.8370546483127705,0.8311449291407339,0.712879182007514,0.9029657687165941,0.6516479936588492,0.7876326370645671
0.0,0.6886193278880888,0.689922074025473,0.6578452866624506,0.5917106141117184,0.7816262173982826,0.7232369562481226,0.7156020726532454,0.5577593800807649,0.6319724869722818,0.7363714534088918,0.5379426200301995,0.8713027760379934,0.679373604546216,0.5985969917166204,0.6152030827047779,0.809588580087112,0.7141262457678732,0.7226203769361362,0.8460691835502013,0.7615636932825042,0.6963867492297546,0.47885190239965625,0.6756006193618759,0.5911142109355124,0.6877100483848344,0.7586664036960166,0.7726724097717205,0.579145310983131,0.6213215241957389,0.6407506200382309
0.0,0.683710927562207,0.5023037842265521,0.754460717868819,0.7063828604939609,0.7281886313372741,0.8321631997189748,0.6610767424377135,0.685422529528078,0.6986956295667717,0.6838592018104245,0.7005342983265065,0.6114443404399278,0.6685866272368998,0.6107417346576146,0.9073887868210843,0.6423276226424092,0.677174667595597,0.6573848247737558,0.6096965045485759,0.791685309118206,0.8337623457842227,0.8095271326157126,0.8034409566857307,0.47234941539047576,0.7673224694291306,0.676201300130238,0.584917319781637,0.9756520378688284,0.7510638570520147,0.7538983458200192
0.0,0.6935266709544883,0.7919184124892972,0.6018301975257645,0.734428068330167,0.7880648182098869,0.6907066475373551,0.619380538744296,0.7544179521578597,0.6967683794801507,0.5657303301968302,0.5539600795449524,0.5935934626698514,0.6060546085676819,0.5804767558176641,0.6584319953354469,0.6772558432583182,0.5347515179681747,0.6876807712080576,0.6355889084235958,0.5716740747123292,0.753351240777175,0.6519335160857078,0.6368693994391894,0.6920583574409698,0.5454917736357986,0.750000303280653,0.7643978640802829,0.6391310840639529,0.6971219785796969,0.5983281500626656
0.0,0.6848004828234187,0.8321762384010163,0.698223284502382,0.78381895964568,0.9208666773495997,0.7801029693008893,0.5903312960202379,0.5946539488878427,0.6511349351866529,0.7029283115803475,0.6951554531512707,0.5652262807702645,0.4698187649000242,0.44738406970459194,0.5629988644751553,0.6890082214228492,0.8521559905739734,0.7807609720104446,0.6863084651140051,0.6140053071285757,0.6135451253663918,0.6261944737814814,0.494901212554648,0.6350556972950128,0.7985577972372069,0.8340295312164778,0.9663229127486568,0.6827486028429843,0.8991592218882427,0.5260393792899667
0.0,0.7271949024274742,0.6838305491908413,0.6620545922202016,0.6100003459563274,0.5719653353701365,0.5991965883604159,0.6691222909472012,0.8512276434196469,0.6424011438835173,0.5519371206205297,0.6217613348175172,0.9096351628396623,0.7392905294164672,0.8333393679602736,0.6868892375056875,0.4824736977401054,0.6371018423333407,0.5417586200809685,0.4795061457587625,0.6380700490436786,0.7096682466593869,0.7684756146753414,0.6704661615356071,0.7218266798066866,0.7544434672467883,0.8149834658486025,0.8328346160815226,0.568251271988328,0.6338961377575496,0.6813926856485109
0.0,0.721126180809709,0.8078439320892226,0.7455397399284894,0.6576434609872418,0.5321484949764789,0.5239942530042289,0.6355313687170714,0.6200901987962023,0.7235261993622621,0.8927830241701218,0.7328334268682188,0.9509628576736424,0.6363825407650404,0.5515527111444746,0.766265224029094,0.5964560298575349,0.6626017591677084,0.9868007171121373,0.6487147211472454,0.5869643833624765,0.6523267165446408,0.7342952358819954,0.7808743775752306,0.7360194350432763,0.599298424898045,0.6350345837931913,0.6648601464991016,0.6139638216800507,0.5281981421892659,0.6357401224721352
0.0,0.6412955012970055,0.7810907402163502,0.6901170826584372,0.6675344767243508,0.7597136294481686,0.8037294076860959,0.762913595377874,0.7787752999480554,0.7177681179615514,0.8002318711403758,0.665066752117839,0.5560685022716584,0.6242509019184079,0.6331747380454466,0.5946852397111373,0.5728474673724053,0.87437024939979,0.8726655827374015,0.7797540000758831,0.4663167971658428,0.5017420081628071,0.7965508499042655,0.7739150527664623,0.9086708073754481,0.8004342825065807,0.8264669019528649,0.8403769213472351,0.6015664039023183,0.6324310533490669,0.5967498523891607
0.0,0.5467434051703446,0.6097495607731214,0.9393448860451851,0.7757457401918234,0.8221534861498081,0.6058429670909693,0.6678988539485636,0.7533712420994286,0.686838766291818,0.7481550964707822,0.8340215327997719,0.7863802676407029,0.5357323576692538,0.5138203213833488,0.6554116379393695,0.6640730434819193,0.5737921024526601,0.590654412919074,0.4384715022261701,0.7207436182375714,0.6758297485052315,0.524423527060434,0.7118417245217037,0.6722390727761628,0.5433377163268698,0.49245475458532106,0.7410139622499325,0.5743308777787856,0.6531711770088041,0.9357841496963318
0.0,0.8025477051007465,0.8542477134744143,0.7522590279529778,0.6864907455253053,0.5940371675533315,0.8516463835637081,0.54080899466184,0.4641475234389369,0.5253740328963303,0.7254458073620561,0.828658228325484,0.5678191175387314,0.6728326204575265,0.8119789432906358,0.9252404825989512,0.7998135088058357,0.7524848255438967,0.6300422070603721,0.6456662109951808,0.6236519914145192,0.7420403672490619,0.6036068514555284,0.78707376925074,0.7363894640223011,0.542417941004627,0.6406211588236936,0.579223419294085,0.6342293781983183,0.48525355065248965,0.5930930942929266
0.0,0.6353699584076945,0.7104912653644553,0.7859718733230531,0.5874459262786716,1.020949808792663,1.1442932900015945,0.7455345192677387,0.6635664874679205,0.715054271761188,0.7658228718733425,0.7339993859290088,0.668294154344349,0.6191306974277593,0.7297173227953523,0.7492515778557081,0.556384879182459,0.5257027552625421,0.7926270911566208,0.6579182833015603,0.7050512034935893,0.6627053150386302,0.7481166045134224,0.6545556612099915,0.7629255092877517,0.6886761642549284,0.6978065343009364,0.5224387108395586,0.6188870477023836,0.6029110843947727,0.7310419756668142
0.0,0.6912001081959569,0.6018809829941723,0.627462263778596,0.6352765889694381,0.7217679803904529,0.5590100204637496,0.7300902777619594,0.7008833932338553,0.7378874329609455,0.7350303046095196,0.8474829993609914,0.7785253364790937,0.8775541543882062,0.6988119267471068,0.7084388589208527,0.5652581568966301,0.71414151988752,0.8119133634178561,0.6078314676500218,0.650144718187081,0.7948142280315404,0.8886370853201824,0.823157038576521,0.582590541931011,0.5631635563219954,0.6516364709171442,0.6815901204565216,0.609738099429462,0.7728894520541548,0.6415605918232788
0.0,0.7882122707232937,0.6865950083312826,0.7277583674016673,0.7865773042863831,0.8485466723447334,0.7338757827033052,0.8765782206523598,0.6542835323440278,0.7772254346174033,0.7127764816800485,0.9213549481166913,0.6207147544831555,0.6657683161414534,0.7757138370840445,0.8618670871366765,0.909505538342696,0.7379130123352088,0.5841681463535464,0.8138857286698402,0.6700989668755482,0.6509712020657273,0.7380029358818125,0.7554898340115547,0.6966895420124088,0.7536779491026174,0.8426756835175973,0.667767168399261,0.5753840912930354,0.5497562103734215,0.7071676614990426
0.0,0.8344722447423163,0.7859407343425808,0.9459163014997123,0.7982191613674731,0.6733848030819728,0.48625692629362477,0.5661140167967299,0.6339851961197843,0.6814701778116227,0.7866180393339487,0.7497901271037178,0.7666802021173299,0.8026988481075804,0.647231656640122,0.6872727567586824,0.5793649194646543,0.5289039614100319,0.6608221693675871,0.5906285499036517,0.5167063070296827,0.6075604993109102,0.5349729397652141,0.6547936548440044,0.801403378863088,0.5738861095291091,0.7415659635425192,0.677559357143889,0.6757600252310065,0.5856095869522305,0.7748181338488381
0.0,0.6232892695108009,0.7184618613382378,0.7397397641029881,0.6670772934981763,0.647678953710319,0.6504963055478256,0.6748201303041294,0.8180062935141514,0.749159844831975,0.8707698010366184,0.8931577822805565,0.6158002823605806,0.7540647602777573,0.7284365928215571,0.5853757318436712,0.5624913460290722,0.5815763681783932,0.6161074170442674,0.6429066375198004,0.7494638514559023,0.5296522821899559,0.5561249006209223,0.5358572619619525,0.6625246742314531,0.6692945864181506,0.5096276953466773,0.647462687762544,0.8916811593054115,0.8181152409241341,0.7074953729005444
0.0,0.6135358949112977,0.5414475781782799,0.4730066481475499,0.5271658906535296,0.7419306786185296,0.6418861494865133,0.7821796823284198,0.48500149019055333,0.7323324063999204,0.6953210632845128,0.9103409307091554,0.6413207170333506,0.7139768166077236,0.768378450201364,0.7033543501192381,0.6238895445256195,0.8785308864232015,0.7875449060115651,0.9262556022871955,0.6027138296682153,0.7549375850541203,0.5036070745448916,0.6847265912402986,0.6461504156608766,0.6304270644052486,0.6090562662863456,0.6869912503669218,0.4839127754250242,0.7390799927658993,0.8142314913277223
0.0,0.6896401864820472,0.6235943763248516,0.9487946596677398,0.615080617807645,0.5548200605746954,0.6718771251676035,0.7347396383759578,0.5917743361066846,0.7140398998539143,0.7734815883459705,0.7086836861856821,0.8383727626341084,0.570070225349858,0.6719855999199185,0.8235342170231957,0.5158340087416687,0.5840798388582997,0.8143788866079513,0.7893341968867246,0.6707813353410877,0.6026935408669797,0.6668402358744614,0.6557429214874361,0.681790895730436,0.7958344190652613,0.7222390059348991,0.7300096469140459,0.7291519148885436,0.684222415958285,0.636376406465092
0.0,0.7256070682535029,0.6289076743664984,0.671327913510849,0.6649742477313836,0.5979269015405401,0.6445920376033506,0.5434738153459517,0.5425268126601889,0.6719571417947992,0.5710967241613442,0.55422021571186,0.6036512852394592,0.6903686786739166,0.9060621012590605,0.6275068245944125,0.587839777557081,0.6189078583252527,0.7151224306373608,0.6484086991110689,0.724634019073346,0.6904619061972808,0.6177442468245931,0.5966315373368195,0.5870177231474077,0.6624434132581356,0.7769039007632518,0.6878152145441245,0.8219088752147584,0.8882789314349023,0.9265297337846327
0.0,0.6491974100587075,0.6789348898207096,0.6609029331528206,0.8410193031720655,0.7475520985915932,0.6039618514711534,0.6731801867667813,0.4789034651583371,0.857470270769401,0.7700189539312574,0.5252812539056919,0.7254005070529326,0.552813680748597,0.5770313861868681,0.7487208367932257,0.7029097703023242,0.7207068280518093,0.8335726294104676,0.6891738467650885,0.6079320093486513,0.6920913789246119,0.5648914354576999,0.6366918031350364,0.7108015136048248,0.7623569478271296,0.6219581979086324,0.5622280095318296,0.7825851881555703,0.6190531186185453,0.6387684725265779
0.0,0.717748918472242,0.7360337510199804,0.7529608465751026,0.8155317646913123,0.6483838485611505,0.5787252409048973,0.6224621559598249,0.543919331100927,0.5910119967142641,0.9725948241702913,0.6810874086613777,0.6253747341056178,0.6349114659309446,0.6590856988568472,0.7345564253487251,0.721489354440966,0.8119630906971039,0.7379827419637159,0.6304934032218451,0.7230437799415198,0.7832956072557113,0.8363638044917685,0.6781778318688655,0.6384425679620023,0.6426734897635901,0.7210197436877159,0.6770708564465147,0.7196789591604796,0.647744331842172,0.7201643256651132
0.0,0.6105955435595569,0.67308696083006,0.5772631662650505,0.5757878623499183,0.6232341049995693,0.6777973627783702,0.4612200552813981,0.6636770880072554,0.7794952195871332,0.7758407973306042,0.6654238090788829,0.633219073801048,0.8923166685766254,0.6148591010776456,0.7781102275148497,0.7008997970512527,0.6185685715322511,0.6417214267825577,0.6241590030094228,0.6693301686886103,0.5588396109792271,0.8630237108193084,0.6421786890583319,0.7419017093028185,0.7903585350226774,0.7126233349128894,0.5608378242646355,0.5338883320875701,0.4927175088210327,0.5522925412123968
0.0,0.7269360795397687,0.6400627129741157,0.6688206009034968,0.9540849303763762,0.7617285095239908,0.6017599467335213,0.5406633132610402,0.7011864547500748,0.8468428231843578,0.7163673007549204,0.8093176708364743,0.6205640918593976,0.7085534485921071,0.7015490847954912,0.7027693855993539,0.7924259002446642,0.7961157320071024,0.6533767689041012,0.5980244241885713,0.7727473103355501,0.824051881311979,0.7733523368999962,0.608257557092709,0.736806793097744,0.5015257512860092,0.7157428039440333,0.6227660500507379,0.6026647492991748,0.4964783126925399,0.6499349792030984
0.0,0.5952854901564255,0.5584568303070997,0.6411587368253039,0.5527275827668292,0.7211151823897819,0.6231792605107852,0.648578161916351,0.6154982296649897,0.8266394616431425,0.8320957795861018,0.6708337114735544,0.5695641148413626,0.6766572870593847,0.599428355247643,0.726428068588568,0.755703611541198,0.8052319112357894,0.584979713445327,0.651429694035552,0.8070810091957613,0.6775140768975769,0.6200174058963838,0.45155533436716117,0.7506058202008394,0.7528511833178969,0.9188363083991473,0.7515920721210232,0.7576644095235419,0.7197170508904533,0.580434945435271
0.0,0.734299489245481,0.49560733685842573,0.6910234886645473,0.647437938799861,0.8040190970761296,0.674960048189863,0.5518924445803397,0.7147396578479803,0.6782020284658176,0.6411675142639177,0.6183429612505746,0.6784963753800921,0.7070929230883858,0.732489920507241,0.6427392434188157,0.6592324907863321,0.628073815750246,0.6585557715259223,0.5318354317416323,0.6715561189362631,0.6816893309965768,0.7530038712423127,0.9023864701289068,0.757196778858202,0.6386057272723682,0.8381154158355958,0.8161878375689012,0.6944481991414596,0.662399117651933,0.8230440525602698
0.0,0.789765414828088,0.5583177030290708,0.7576799400459103,0.7615228727106971,0.8966510255867859,0.6892569049983037,0.7356665105886931,0.9722081666359732,0.8260544936863213,0.6759318579180285,0.6873063396958969,0.6541722331166733,0.8687816731238652,0.8176531601054778,0.7723896315595501,0.49928377348219816,0.7656555087540462,0.7325035803933613,0.8406127094724477,0.8762524852632863,0.799090589584448,0.8855928676579223,0.9037976680876747,0.7481979012898242,0.7927526984575372,0.5677241247358362,0.8849686046699835,0.7820355922798313,0.5695440886357137,0.7113005992833131
0.0,0.7607945054724119,0.7940288883966599,0.9837272636015054,0.9379444325904962,0.7064979769126981,0.585275590515537,0.6382953268178146,0.7476342512600054,0.7621370215964381,0.704660016397192,0.6105738593766169,0.7131742295667175,0.5677356113585853,0.7659970235091511,0.6145824603738254,0.7431260864033769,0.8138655756597524,0.6651902391576158,0.7454014077521569,0.7026068195068323,0.6431332255038565,0.6141581884920969,0.6046225991221286,0.8134544470212347,0.7738262000229067,0.6920300215803759,0.7729001230851826,0.748063706813775,0.6618070786041966,0.859570917934468
0.0,0.7413298379844211,0.7987138532732732,0.6812923098142849,0.7035163641263501,0.6381619717965239,0.5587707800451506,0.7632644380747841,0.8593475106907561,0.7643919280837853,0.7876932954365639,0.8395152378901131,1.0092139596971985,0.5933450795456728,0.8382749725668341,0.8762798501314671,0.657857933673642,0.5560441971828846,0.8118184089148606,0.7308236077403901,0.6674051937603693,0.7461397748945867,0.8494020218360775,0.5499819533143803,0.48171915566143075,0.67239730887057,0.8872076889158985,0.636747159164405,0.7147934172074751,0.7052337864738084,0.6052187092428095
0.88888,1.3662242866630332,1.3322697581924023,1.778441112579119,1.4700422810372844,2.4061947882684973,1.593152482490216,1.268956947817802,1.3727457912502867,1.5688722711136605,1.5754697494525005,1.469657111866286,1.535741228409008,1.3491015077862332,1.147824893847215,1.1055969076687555,1.960860345178002,1.6608058356091524,1.5505103304063388,1.194299052680264,1.027677723480237,0.9994123458279826,1.482660768813215,1.2355648358066096,1.3895016701002336,1.34602041272989,1.4052599504228571,1.002451585749361,0.9315348083035286,0.9580666396132036,1.4250025361883198
0.88888,1.2993336438884358,1.377944633566758,1.5479436617051552,1.7112980015867165,1.3430950226595397,1.2628146663218591,1.6767309230373804,1.492413129056106,1.6297076883962027,1.4244244080357686,1.3158566738248738,1.498796773314474,1.6407181730133877,1.239439183805079,1.4103596307899815,1.3032628624764775,1.3614917251606984,1.2725917088859173,1.2276979587016703,1.1592643443739206,1.4863762230357769,1.801770557981302,1.5205943739385337,1.6498170647308086,1.2754752663871864,1.7355181159455468,1.2047258948261788,1.1817785819660775,1.6755441141952487,1.3654148154366224
0.88888,1.4435560481733054,1.1237240658845777,1.3733249291814669,1.7838402698563796,1.4589740438377024,1.2712572828086568,1.6674717437014965,1.715278320708872,2.4533186136899454,1.56750812827447,1.1204399085401786,1.330373847483663,1.349577079595123,1.8692343915444556,1.439584292549583,1.5143028285172426,1.7663500171108326,1.3744255551343356,1.4458290606587954,2.0100287826305627,1.3492839576878337,1.4932832168731436,1.1850061532976068,1.3270972102527148,1.557234277434864,1.7613072680501223,1.5652221690421753,1.5771282410833096,1.5889790632274852,1.2693102734450776
0.88888,1.5379252486471173,1.6729694623717306,1.4062233215433764,1.4734652851466223,1.3328836279955414,1.6094170623936626,1.4928697346358655,1.3025126099434494,1.515901941701919,1.4313709777334924,1.7687645552988835,1.5200728686254394,1.3605621893739437,1.18749827194514,1.2417389045547433,1.3656862587216207,1.2484436358403743,1.5947865760726074,1.5150060588554033,1.480975494740717,1.2240434741659085,1.5676565340982065,1.1499554648737274,1.7437945593175062,1.5157835023645798,1.729153350421705,1.1156349447158846,1.0348806516102964,1.6411822324499885,1.6026859084545604
0.88888,1.2464481123257236,1.2193409739475745,1.638656954019901,1.2657405336224767,1.2247162131065417,1.4859190161637148,1.5283309042503836,1.3613986772843074,1.6647284837630985,1.7148011742762526,1.2628106961827312,1.5151017115597971,1.5987496643369445,1.3453630429074894,1.0481830959662743,1.2552980841192178,1.4368117280894566,1.3193614020315398,1.3494651471695605,1.4462874910294488,1.90326902835526,2.0645001315157963,1.6271429684688115,1.2508153326799083,1.3443961689362787,2.069284307141858,1.7478525597337138,1.1570093319280288,1.6018344594842862,1.3900755952474246
0.88888,1.6902929787804224,1.6477139241391072,1.6811026982737958,1.4302575044485997,1.4725081123382522,1.5512517673381152,1.340430850825213,1.1899217479803992,1.478102792711411,1.4363882204998637,1.3106109494839586,1.7609708725805002,1.4289547023760112,2.456166182980699,1.45846947737454,1.5634544657581928,1.3144457124322857,1.4475195456978585,1.2020026226196914,0.9090716896656356,1.6375164212981663,1.6038671879103903,1.3979847144657436,2.107011306595633,1.285549933260254,1.3405408492782571,1.3993972270344075,1.6789149810591562,1.4426812846541495,1.5377634109031884
0.88888,1.4931882841047717,1.6887881242902396,1.8048235912007973,1.2035492588278986,1.3111433429530317,1.407162482594654,1.3070447191969303,1.7416386196398717,1.524868743329492,1.1045288257213948,1.6597294313178372,1.4587922542552767,1.0861116969573905,1.6377895439523056,1.7668575189094708,1.509064750655303,1.7699266680354846,1.5006093049256735,1.8533739109094183,1.58895689451719,1.4126111894221316,1.4145686886614766,1.5310741898199944,1.5555310048441229,1.5092156410468638,1.671382258958155,1.5331565072361897,1.4455751196941098,1.4006901383192178,1.4281931492738504
0.88888,1.5161067147723482,1.130603607192256,1.635578985367177,1.8238853893155313,1.235616043224221,0.8862947212585552,1.3528413019964571,1.9925853486251686,1.413463481091621,1.0926279052654218,1.665663801600801,1.5683445506654854,1.480726838965804,1.6639723393740933,1.3177655670583135,1.3989660258345094,1.1974781131844248,1.104087953970921,1.025367506692568,1.0881403987340144,1.2603236998053051,1.275457032378478,1.1421184343176747,1.0721566281030042,1.399117128238273,1.2809089348249165,1.6745849202079404,1.218846097159808,1.551099876746599,1.2614682537315278
0.88888,1.5980719934129592,1.2755122612248315,1.4130613274630812,1.5091577906125018,1.093538554591132,1.280531725316975,1.3465664404038524,1.2963288700288025,1.406108223555195,1.2458914367949954,1.5190517559442083,1.3486633944401933,1.2391500050147084,0.8858387643314558,1.3920974411741183,1.3859057721837722,1.3880996474296472,1.46632052491557,1.765155163593126,1.1595473748027565,1.4008812668306694,1.2565100597913967,1.6317407109943591,1.6229785788659032,1.0961507392905139,1.649148884016235,1.5506227491524252,1.7601898372615843,2.046273987761822,1.873664269303794
0.88888,1.3481751179699857,1.082124645011508,1.1612400684696083,1.5152862771191677,1.1999404816958683,1.2710419807223519,1.814540823187737,1.8813471163613766,1.374503681058367,1.4196714178359584,1.3728530734577609,1.779963635407158,1.716947266429682,1.3124889228853078,1.255504433705333,1.2794691226476769,1.5647218742452436,1.790338644147851,1.5193371692253697,1.284783995023598,1.274919030555841,1.3535208427960022,1.4460146942895633,1.5643648951359235,1.8956731891893015,1.254448107089999,1.5080060878492596,1.4491626355751779,1.4955307500259838,1.3761151819876658
0.88888,2.1033168794974952,1.5689066691510207,1.2690928675535922,1.140070223873506,1.4596802013967645,1.3136626449175504,1.5600680118640182,1.4321666069689614,1.787544023796323,1.7648822024405326,1.4249385005348307,1.6097783718886731,1.4329970686036557,1.3775448874335965,1.3669334943095686,1.588385316900723,1.1290718794358525,1.7911426129054693,1.0815743638705193,1.59938748222965,1.2002687725939198,1.0671177278738169,1.7220699479612178,1.5649522129400817,1.2808804076970466,1.306468337216776,1.278113770258565,1.5708864346506997,1.3281057217584886,1.1090052765083531
0.88888,1.556030225545617,1.1760050348273112,1.3750009891862633,1.263939579438642,1.7985788352243712,1.5666348433032076,1.0552295596769554,1.1021604939343466,1.1553369268683622,1.257789861537765,1.4333232234650033,1.436125237578954,1.2964624744761302,1.4872589392259734,1.1525067901553694,1.6026611122031673,1.7822962858493367,1.470495759030164,1.8009933075973044,1.6227278251699064,1.694856508535391,1.1628500710636172,1.1317571612049875,1.749086390966159,1.65471685869203,1.5612462146785107,1.5924839085200226,1.4421139690121942,1.6080990372399484,1.64412480454218
0.88888,1.1798009478847675,1.4534114780143785,1.1989219481930498,1.6049079496222312,1.1673065319474902,1.3353626319175986,1.4064162542381717,1.6377447369677245,2.095858937394561,1.6280897983943927,1.379131801129831,0.9469211346029268,1.5807303909594408,1.3974263769609994,1.9175933889463694,1.6156546443826068,1.4188103794677205,1.3459491226879485,1.0596463023601956,1.0707111628578505,1.2077769051099922,1.2651515466652652,1.4017355754090541,2.028838677830946,1.37065533321587,1.2565765782104676,1.2915214678262592,1.396572946440656,1.5664477052681345,1.4026098073376243
0.88888,1.41396762620744,1.600714496322221,1.3028307202492166,1.6444908724093723,1.3957281516952527,1.5769684402304998,1.2609015114375814,1.5572583164974967,1.4933710153415516,1.1743099258024778,1.5490885986478737,1.6361707029918122,1.529507464766028,1.6913416377511061,1.4130380839445296,1.322394447214222,1.117094962386166,1.3911601259239117,1.6925642673385555,1.464241407636133,1.4910732158498978,1.3665338947236318,1.4588533101557655,1.0946083012129049,1.6936101850713283,1.5586342859122695,1.4699142584345972,1.6856750732343366,1.6097021631363604,1.3046508276318258
0.88888,1.4303817501200442,1.4160763454811527,1.4295968347181123,1.4300142023768627,1.4595511600668167,1.3147483833800573,1.416858150366341,1.2245007888253046,1.7034800300504214,1.5494972746650477,1.2912640572720455,1.3148424928394584,1.348158104627592,1.3103098920908764,1.6527970157012588,1.8615001785307372,1.335205309582413,1.721878040719966,1.7974713001734732,1.9962628475363877,1.443089218072789,1.0894768977660767,1.1177294638817852,1.4595506048135554,1.2537421618481874,1.0193608553704963,1.4593800037409252,1.0035749024289697,1.0563561566130992,1.7176922692318082
0.88888,1.6012470409226758,1.3016901989883507,1.3221484553666274,1.4953120511799853,1.256010460603702,1.2189547332147217,1.2078887764539425,1.3113948744826822,1.800611242783737,1.5571373218211226,1.4479181144219604,1.4223140624484163,1.220362193852787,1.4387090761789847,1.9676401030343882,2.3124233756322194,1.453333103715494,1.4691826327154565,1.1877007150955998,1.7586135174484836,1.4837953124963228,1.380904371019174,1.3353746281482026,1.3042367769440548,1.183428280672801,1.3245511798253344,1.3416447190924983,1.6916465978451067,1.6578542397803877,1.1391694862974886
0.88888,2.16392489455714,1.3725623752926608,1.2682354465915033,1.3836900977276072,1.1656893778673318,1.214812567039421,1.159182023341121,1.2285836886087205,1.235573236647495,1.6415547176317926,1.5418308464167902,1.2493473663192236,1.4681548756426634,1.1429864502130593,1.2466960282812956,1.358695695937215,1.450052859267122,1.8671369605175527,1.5434201697499494,1.3757226637989703,1.2490866220665937,1.4948791460037512,1.3479049672202874,1.8474014510750787,1.4589201935468255,1.2611029879618647,1.5397430781836734,1.1387731626045747,1.2585482123564313,1.5887091835229057
0.88888,1.4933986706329143,1.602713583284037,1.3515115015077797,1.2141615233844747,1.1824542901426531,1.2537418258138382,1.1813010005629723,1.0995594791195842,1.305776595042148,1.3771197388265402,1.729774579019999,1.4672485148153265,1.3615500313382396,1.4252994403677386,1.3393536926544871,1.5460650260746092,1.3044934551592564,1.4328946811775387,0.999718912526852,1.389544820981612,1.8764286059030115,1.786623924779086,1.5389990138568446,1.4038243352862374,1.3664046907611105,1.1298911539017185,1.181459779559795,1.299617765352072,1.1257246767103777,1.4508691645860725
0.88888,1.6180140703675818,1.5039415719027198,1.3154605337371064,1.2512908674899417,1.417418815173396,1.4545175301507793,1.5233722643413259,1.4010672797433672,1.360819052074964,1.2256427817967948,1.1397441293776491,1.407370639980536,1.8365247450409605,1.4896821253342767,1.232922549025679,1.786557117991607,1.8409431024860192,1.594477065289918,1.445241003212714,1.2414832737076171,1.0068737176596514,1.243678729070328,1.8459536372017105,1.4744890081062725,1.444480850147066,1.482991205542367,1.7044713804478488,1.5833684657977005,1.4729667711818375,1.386159295783617
0.88888,1.7721733390326484,1.6484583080053732,1.4688855606145317,1.4987327982183327,1.6673761932633258,1.3972077249169106,1.2479086946641644,1.1538885818428557,1.477387065809265,1.3093569211815068,1.138250340691461,1.5192827380699623,1.7121849643775415,1.2669770922136234,1.1124544821370117,1.148089358967738,1.747600948483522,1.3253118569191427,1.3519119918321176,1.5895682039964703,1.5918688309962181,1.3214839952923854,1.5317704195018826,1.5713166676311636,1.1892519772778296,1.2657611988648445,1.194931145698785,1.3950939732554624,1.4299219419651346,1.3637974530982082
0.88888,1.2999805996391236,1.241746201433375,1.7671920239545913,1.3449805858258783,1.4291380746994102,1.6003647063383122,1.8931931500639323,1.413171314318404,1.1821348642509097,1.3417422409696342,1.663148299216891,1.200223595521213,1.7257176216983947,1.3071638102072225,1.1696281012847891,1.206832180446622,1.35178501338862,1.3187793474143397,1.813441047672025,1.114008588665668,1.3065732882972665,1.6285001364727478,1.5492200696946379,1.3976719321017292,1.425628205191909,1.178711478385721,1.2214499056146582,1.4033608534642572,1.5198565844119594,1.549332863808987
0.88888,1.194716954423151,1.5196200457077904,1.3308410075740384,1.3588927440104022,1.7212228127143445,1.5460967996374055,1.5820681288494844,1.0978277122076974,1.1653038147749974,1.3699092700456916,1.4627998385923104,1.9205399302140114,1.408924658079721,1.3070172353933864,1.368674403242345,1.4009060333304881,1.039276282148226,0.999242223992152,1.2044913137919995,1.4338154891886645,1.1901223005169188,1.6582111717603292,1.5449340093575725,2.414388259053559,1.5302462728973307,1.3725077230181713,1.5118501412312062,1.1779402887744788,1.1244002343961554,1.1105922263245986
0.88888,1.3322423932024352,1.2475547844731425,1.0779921763468332,1.653310110186817,1.4107115170251232,1.0241909951778827,1.096080501184443,1.3472013707834356,1.2991136782229793,1.3740596295995782,1.5132278177469423,1.4207459470547001,1.1912959938295473,1.664385894020955,1.9641099141992773,1.0540119600756706,1.4858069444352968,1.2822523926174425,1.542474861121339,1.6100436188594471,1.5438080943446129,1.6760226053771292,1.4895322523063521,1.1812100883419208,1.2071298379915782,1.7297697770959917,1.244830480903007,0.9657800139942817,1.378749796254579,1.3467068603270393
0.88888,1.3529268801311065,1.4120834862576876,1.5406192640347038,1.1753575393129672,1.1044288333826178,1.5403220110931184,1.54778725301171,1.708242198571912,1.2254108274201303,1.2657468652869444,1.222962221833899,1.3353440217280328,1.2205042048866825,1.4804260509306588,1.539281881900754,2.180917813047999,1.3360998028940527,1.079935876348139,1.1105623457512142,1.7608429223636288,1.2073603535583104,1.8643369720676608,1.1457440755974215,1.4959848324083624,1.6507496252181566,1.5297699663190674,1.0685691953100724,1.2669590871286986,1.4210043552350031,1.3313256619378402
0.88888,1.4352258012894252,1.4002786619212575,1.502876925154794,1.5108317136515863,1.3137345470542032,1.298854617300288,1.567005665129692,1.6347381136084458,1.9845425013089195,1.3277699941663061,1.3572771099231833,1.3874760834705124,1.2984680808561462,1.4013591768726756,1.5511283531155724,1.534178850813719,1.424712574174653,1.984758477050112,1.2561547883532131,1.2479023318589584,1.3286572437758495,1.4724840764329137,1.3511307817580402,1.3133834098272537,1.1642091374940027,1.6159515991128122,1.4090834138587955,1.4286255616679582,1.1262417210595652,1.461456726814272
0.88888,1.5754919809442454,1.3185305819504352,1.3584649693863968,1.486504958423535,1.3876665652756224,1.2240323068067014,1.1970394330795493,1.061739674912431,1.3729283078316223,1.3523783360103756,1.1236522026506415,1.37641028572222,1.4563778666256488,1.3762944524815894,1.5119351234474028,1.3911497668343842,1.4425916695336982,1.4463294631930375,1.4212755129781691,1.4089630055612135,1.6457245756713694,1.1318513141824493,1.797867918527461,1.455368490002467,1.3846492826643335,1.3836230334718413,1.2874012655237805,1.1759307899617024,1.3128987561500958,1.3725400364789728
0.88888,1.4125187019876118,1.8888260512876462,1.4117798828917871,1.128914718637121,1.4680195008895203,1.2585885411625584,1.481557112680235,1.6725116707988734,1.568862316051233,1.2783348206880152,1.1088515442035514,1.935032279881888,1.7252458522948795,1.5841252950524014,1.4701493097193563,1.4758308744424398,1.743915322963489,1.65212282888406,1.5081940696907432,1.3328473996040386,1.3392892185275043,1.20599756518121,1.1681378561272728,1.461955989293083,1.289152168829048,1.291461887067271,1.3883422141342283,1.5202103917407197,1.22904074206962,1.24430141617417
0.88888,1.541482637938079,1.5097458190845188,1.2856202236761547,1.392693439385444,1.6316197202053988,1.376514492957781,1.3995111967657035,1.339293932278679,1.4701786130528414,1.3326057410084673,1.2303888842800916,1.437264369874618,1.6593232967467753,1.7086525798115262,1.4829696763013431,1.2439500619660622,1.6007951828234446,1.2058727599376071,1.8000583270877846,1.704656887203769,1.7915383652349683,1.5937395680318889,1.4978226205586014,1.170652769579713,1.0195121105616942,1.336114045449336,1.2418194183795777,1.383876576359619,1.6593016204808058,1.4709112870027168
0.0,0.6224284076468796,0.7096257153340462,0.6901889222069583,0.5868946149371985,0.7547432129040482,0.6384836560576294,0.5933390676092559,0.764690196509586,0.6933589683235342,0.6923976030434701,0.687285426069287,0.773587033493602,0.5446472424660875,0.6474859292422978,0.806499323402052,0.562906654608688,0.8211781607342689,0.93137924947346,0.7135280177733545,0.5268795516725359,0.6715282555255199,0.589532072895183,0.650698139731986,0.6208914763837923,0.660767474330411,0.7654484655756987,0.8089037226239927,0.7028524722408691,0.48087645824534725,0.54921793531374
0.0,0.7439155011837351,0.6534071297890982,0.7027855492767162,1.1185871419935252,0.5781773693743609,0.7615429359390022,0.627447399763496,0.7122213905434925,0.7961859111052353,0.5900168919395431,0.7064652495987731,1.028363893754147,0.6580804850847167,0.7432424503552596,0.5898099501944157,0.6090439707111173,0.5790594653131278,0.6081724899014271,0.8307729959219806,0.7203170743841191,0.8624177822137299,0.8538813342986462,0.754270347492338,0.7398535180390639,0.8221605977135822,0.6200200063756324,0.712825725738328,0.6859372115220459,0.6082113963468894,0.7711140132545972
0.0,0.670473730806472,0.7045652289140697,0.6494316953989224,0.6148148317789073,0.6656707010249283,0.7620130360313268,0.6190691593271836,0.604231310562686,0.5920115622730769,0.7279824224998277,0.7919860263598926,0.5739164947993153,0.6461296401376063,0.9815501534571547,0.7907124801523041,0.6015478947509811,0.4314905117701266,0.5161686312014875,0.8724208711607131,0.5410572829905756,0.6181118349187358,0.6868095485621526,0.48660824131124036,0.7475003421627334,0.7647362705091622,0.6890938451774062,0.6829571221727445,0.6411908565695328,0.6112033365109436,0.6870081665412401
0.0,0.6199919485030456,0.6086854280576567,0.6327846712094715,0.6617724397459145,0.6763362825895556,0.7592615694050784,0.9964641983803126,0.7374962380240289,0.7436664409343473,0.7851765976714593,0.5907998713827305,0.7295466307116568,0.678505059994112,0.7668190545774469,0.524093594788596,0.5124497624577222,0.6204992995664534,0.624020092389688,0.6562985429537269,0.6649760951696831,0.6109725938347015,0.7394767703583411,0.688747464740574,0.7528715340371827,0.6393544413670047,0.7617054213111376,0.7571712303840852,0.6994872931273565,0.7253051652882898,0.8040278942418657
0.0,0.7227009247257886,0.5944547466665128,0.909945189621201,0.9003934580554646,0.6345129616093753,0.5867087082849335,0.5791875774792917,0.6837415643722442,0.9069331882881323,0.6836701713800826,0.6862971875083007,0.7150628992626312,0.5607578501576252,0.9909640792894576,0.9191607073584303,0.4924437629986215,0.6058303255562598,0.7707199062503921,0.5773949064701466,0.6932881522174629,0.6687343898178111,0.787856713758057,0.8459106615894524,0.6882055505098796,0.7081498758820076,0.6362195836919002,0.6334285042705149,0.744590872373961,0.6934439643829448,0.767468467186997
0.0,0.6405479299899963,0.7871091856105449,0.5776155978829078,0.6391765119472103,0.6364733190804668,0.6906932518395845,0.7313746036473104,0.5933830399967357,0.8617349245649972,0.7139432114442961,0.6173791645882296,0.6348636242103165,0.6517107123647102,0.5902338766868289,0.7890461554444277,0.6970785350701373,0.8149028940301993,0.8377413020201505,0.695956750281192,0.555062834636596,0.610732535218251,0.5584300682073203,0.5399778527321115,0.6918737517407911,0.5766984565226723,0.6840273492411536,0.8097466949833837,0.6176579185189824,0.6598466718217522,0.7508481729681202
0.0,0.5233947637892559,0.6745861252057123,0.6510133769974437,0.6467796715490444,0.6918886971841826,0.617491899104289,0.6845984750716986,0.720927154988213,0.7026433673064397,0.6546431011706992,0.7179246802936221,0.6440682602420413,0.5662003876012995,0.6192241403520599,0.7884501472787669,0.8821571107777482,0.8457736210952944,0.6672275287752577,0.5544920560708684,0.6622603795032801,0.6606898758636257,0.6819419097059959,0.7343925628374112,0.7332226592423451,0.7474246254134073,0.7186012059700736,0.7211645913021485,0.5994118608185126,0.6487124351815645,0.6314228314666379
0.0,0.648759215433311,0.7949944531698264,0.8797027604617428,0.8679028937534475,0.9604915591713568,0.8437468679253782,0.6531846118765291,0.5389102288698471,0.686703818827349,0.6925221472720401,0.7180839806599079,0.8619392346767467,0.6555346199477791,0.7017830403566772,0.69644382685726,0.6792039011239474,0.5760385545299531,0.7381341474819473,0.6477765927600952,0.6175131467047305,0.5591715397205531,0.8064018631821482,0.5956952131630953,0.709738850014042,0.7145529352478138,0.5271664511258731,0.6405213404952954,0.6227266614831158,0.7207288027993323,0.6365690159242652
0.0,0.7002888515240222,0.7194868993645014,0.7054525176889709,0.6265334819473565,0.6056237465250491,0.5834523713226581,0.7189250447968257,0.7227870502257546,0.6434352821575443,0.7839820251287789,0.6981643207797028,0.6541394386945536,0.6338674912640043,0.8232160335042769,0.4848630219141079,0.6553190260347154,0.8952393295070215,0.9381834246680402,0.7163625079809002,0.7064619703294851,0.7450177838022686,0.6223479548634879,0.6735202461942971,0.8959482486686888,0.7557376717509737,0.8643595257362978,0.6882320117573474,0.6415103836957615,0.6534046227034119,0.6404644222306498
0.0,0.832027758120571,0.7387848839091318,0.8360686874259908,0.6797664417544759,0.47465471003573045,0.6268320659547234,0.7297484628665389,0.880758429162494,0.7330500732203353,0.7570772038581549,0.6291999358844615,0.6053958745393038,0.5819845259810106,0.5989419852190948,0.5206434668204598,0.5117016123040153,0.6682547831193703,0.628324424822759,0.8899406690767636,0.860857881443706,0.6900299250746466,0.8323496166253112,0.7467964175979094,0.7107803732379327,0.6958183197561707,0.7656737057615789,0.769211490876458,0.7528807253265407,0.6908246956929658,0.7099246271106093
0.0,0.6414977279715827,0.6928572062107784,0.8188875966643157,0.7980669063076332,0.6967274194900047,1.1154697822985196,0.667626180303135,0.7228949740394301,0.5192494784266712,0.5969965045283536,0.5842182168744056,0.5780083916756146,0.6040770942087205,0.6527345826352942,0.743434592751067,0.7335854652746131,0.6608637386202295,0.8347109828221373,0.7915909011220904,0.8146432955066315,0.6780765373501613,0.7357961754286446,0.6506813337685123,0.7962183700333632,0.656820766478088,0.733306782328046,0.8978689770530659,0.5504870006987466,0.5463484926700947,0.5827608521801347
0.0,0.6168581027756663,0.6545212206477155,0.6094445229068982,0.7788649649514157,0.6591081853217637,0.561237897810896,0.6204399321882236,0.5001393766562096,0.675531404601609,0.5261011581189294,0.6838532819372929,0.5962509872966275,0.6457848048396816,0.6068755156010335,0.7606560749170115,0.6236328024610727,0.8626475192806053,0.831360546281162,0.8862892576671544,0.6199322513361446,0.9383028527785798,0.6967535527148458,0.6640533489226438,0.8119913008501299,0.8148706908298654,1.022820036438609,0.7028763939600625,0.7739176245520543,0.6567652507296371,0.6276122975595415
0.0,0.5569542128776094,0.7324595679936322,0.7079601632533621,0.693054424290921,0.889741544425588,0.7555517891602174,0.4905006063229186,0.5119807634517204,0.9346428536719298,0.8666952438630593,0.7385604823904832,0.7809987784464975,0.7808767131127355,0.6702441216495255,0.7514853252760746,0.7198231151594012,0.6308247593452188,0.7143382396525303,0.7447648237547938,0.8584183501821258,0.6237918726989429,0.4182973943070725,0.7513795915680985,0.7717731382044073,0.6598764545035025,0.5886051434425276,0.5541093029267419,0.5067030723509712,0.5492283559392174,0.7648217105343638
0.0,0.7135031480648573,0.6249016956409571,0.6494105019163724,0.6161804160805583,0.9261957624369939,0.5980455326556828,0.6716545889143195,0.7682753685892572,0.7455443834072296,0.555182397151796,0.5466486557743703,0.7826710163301632,0.7577451759133637,0.5863573914874679,0.5356595926450199,0.6747167259510454,0.5794920823057284,0.5318294870303117,0.7247179473708755,0.7519856896040862,0.7429504357092219,0.8855906777591103,0.901965517227128,0.7520179014854392,0.61135796011576,0.67500341186135,0.6091478510509374,0.6957767181771505,0.5374618053907403,0.5990443792908948
0.0,0.6200743145564597,0.764404765299992,0.6457689654433076,0.5200962113293854,0.7427841002800969,0.5247691374659761,0.7337575091793201,0.8602902433716113,0.6382358460973635,0.6006425823440645,0.6250138859049826,0.565435306870516,0.630428492853478,0.7996373950491241,0.8206253801228752,0.7486611022621623,0.6162376078910038,0.6192887837390321,0.5202376986468681,0.654820793997701,0.7096998504527777,0.5819576819726454,0.6262710305489192,0.805753104937666,0.6798801790851954,0.624241638535174,0.8440562610220821,0.7742525235759967,0.7740820672665268,0.6620575399834965
0.0,0.5674698714436313,0.7669516996083782,0.6911625856110316,0.6445682914370152,0.5486108225967504,0.48389674163296476,0.4028824599506951,0.8060952641068313,0.6780460303707277,0.7012639345069713,0.6819742312776322,0.6416761661773734,0.6488716060323977,0.616372206679257,0.5431782801365789,0.6885489799197221,0.7941611805802785,0.8610664534422213,0.7537874791338887,0.7057962004633725,0.5577251189198519,0.618135426782195,0.6098645385015518,0.8195601917316364,0.7210696748687582,0.7988236079561397,0.9564890767858503,0.6418860314385791,0.6985196207938982,0.6136837854605126
0.0,0.9033543778409697,0.6402031497139571,0.6484971174969532,0.7742621203363991,0.7613717331939814,0.878768264268811,0.6878064003706471,0.8899134272925027,0.6207521996454335,0.7197243531911811,0.8071035694814398,0.5580794590027186,0.6355960364007269,0.44283434439528796,0.7430036389243965,0.6312933937856897,0.6727599097141987,0.6166098244993875,0.520264828292156,0.48986520707510933,0.7127429027171753,0.809273972732099,0.5411600489895361,0.7236289724961787,0.6408720389710114,0.7032237958793165,0.5868742608439417,0.6038705766783214,0.9580688233309917,0.6335345567900125
0.0,0.7796496969424117,0.5991914372267868,0.48085949058324823,0.576689565719171,0.5886655146205573,0.5327816501749914,0.8086178371867941,0.5764537847736647,0.6369706451577511,0.6737053332018038,0.6595549841363486,0.7144652616818661,0.7032746315787275,0.7387030743045092,0.8388650279898767,0.8280842004219023,0.6863703950452534,0.6515149368005939,0.5997919685938683,0.7609100833650297,0.6458000158389455,0.8619968212234312,0.7147617401508559,0.8435475465253263,0.5957825111049352,0.44614558022586726,0.5127354289843743,0.6954914957848979,0.7021960895164876,0.7840776048930627
0.0,0.6587542014132417,0.8659285979401917,0.58515969339053,0.6474671523148622,0.7759872179885094,0.5765041317750913,0.7540979653034193,0.781581697735874,0.7239962407107485,0.7895462940302082,0.6018473005682945,0.5860542041876755,0.9045502407082687,0.7834466344378543,0.6310192782606001,0.6609289284978699,0.7431067154686615,0.8033871007764102,0.9812132803879002,0.7634631624626411,0.5835297724328471,0.5808954159382173,0.6855389599220315,0.7282221883426684,0.7186884001220577,0.6168787055438107,0.8110175366553114,0.6270550405028409,0.5400537766512175,0.5877356976402262
0.0,0.6551044030019383,0.546189831597074,0.6514755354199816,0.604099232160335,0.9822556951370301,0.768656046697938,0.7348530052107414,0.7473809024464012,0.905277647655385,0.5036628976563694,0.5678587868540482,0.6059283848496065,0.6655247427910105,0.6826601572619597,0.6370439164547842,0.6279359295208533,0.8571736802890942,0.7314518094689887,0.7093695854801039,0.8039688926506477,0.6041183903827027,0.8732602393758936,0.6510200340062731,0.7939988123742966,0.56377973555414,0.7695660429962597,0.6807581956952415,0.6239833380935317,0.7907367344669216,0.6466104286764672
0.0,0.794588908743758,0.6116355058667673,0.7275537583819535,0.5506142100603428,0.6570060086661876,0.8969694770303305,0.6555706698959118,0.6410092489608967,0.6195096745060783,0.6065874782115747,0.7198619115965869,0.5889559188299517,0.6466494006443162,0.7719765489392074,0.7184003843391761,0.5383545997890437,0.7175277541691898,0.6099406274781146,0.7998074056661058,0.6703138333678662,0.702542301380348,0.740028723388117,0.9630888652616307,0.7294382122270171,0.650398930913637,0.6464197336527289,0.6257174652482148,0.5795660307525304,0.6478339433014358,0.5656610672247696
0.0,0.8234983032116985,0.7421391082296221,0.7997160951814211,0.5766847615724927,0.7405691425730965,0.7283620428453913,0.7742734527154468,0.635340093354903,0.6523160195477362,0.6474612652933021,0.6291045125044836,0.6905642000982831,0.8411988335987154,0.7303540208169408,0.6443561927554254,0.6432227628329301,0.7490186293225175,0.6976174329962674,0.5694934141468246,0.6214756853238885,0.6824430390841973,0.8084198173675009,0.7254096376786805,0.6920430744371329,0.6989226722685595,0.5183094107465974,0.7187566242561699,0.6936224946261782,0.7593979047418576,0.7263104916448748
0.0,0.7790299754830593,0.7659500044679878,0.91031881997844,0.6508553099432318,0.6563866334573115,0.7169593248928174,0.7978446409412782,0.519384174379744,0.7089532530306839,0.6748598710167509,0.8307613964247157,0.6175039442425926,0.6064426622722564,0.7500925395999609,0.7424537500198866,0.7877905292796822,0.7373678055891295,0.4913397098541377,0.6656921119223101,0.7412939189125545,0.6656599150953734,0.6890952177159021,0.5820151975523038,0.5253578919721773,0.6408627576617639,0.709898080987244,0.6937794925087243,0.7188258254341107,0.5859706106922756,0.6576314564458463
0.0,0.7469782363077628,0.6615404219134461,0.5066654996296375,0.7648496530181831,0.6890411965782759,0.7567318889435473,0.6884655782802094,0.650250061578168,0.7422629745490359,0.7193959413871026,0.6639262197367025,0.8131830420677759,0.5698439941496243,0.6206381605614864,0.6949955184933174,0.8315675022202322,0.7141038850897891,0.7482137252315237,0.5947647500777407,0.6186002451263098,0.4539089530647621,0.5499226881265376,0.5773074321888898,0.5445399582799064,0.5738344443712986,0.6015058157708149,0.6654709507363611,0.8251330172753549,0.8722209420924896,0.8001749114629833
0.0,0.8367746197954938,0.6082380973187764,0.7479725809728905,0.7356460595402685,0.7646155258016221,0.9617563726077503,0.7190248577997846,0.7210121554578139,0.726091554732581,0.7243471013277205,0.8539652959424994,0.5636619117632676,0.6160360450875789,0.5947325264031548,0.5976174249859092,0.724253608667945,0.5096614149891652,0.5314765498991538,0.7477222899950692,0.9876293803811788,0.9060474125166481,0.574738300006644,0.7238338723266621,0.6760444068002012,0.8457234149458202,0.8302247175670321,0.7120032229762537,0.7841260267666162,0.8953264013719157,0.7205918772114369
0.0,0.7191222211464062,0.6424796221581297,0.6570847226295219,0.6959321407590928,0.6292955758530875,0.8348020843519367,0.6992244652087465,0.5406619359943513,0.8311171988877155,0.8715839097955592,0.7454107054436573,0.9865646580996831,0.5135440411519511,0.958932640377026,0.877485140881616,0.7222036485176319,0.5284035774568174,0.47132259162111495,0.7099335408139391,0.5165159592879236,0.49326674993983666,0.7343752678596208,0.5594381639511671,0.6763051216347977,0.640377665258922,0.6217891156717406,0.6652569037979874,0.7242941018476003,0.985071654763659,0.9073091377337469
0.0,1.0429032802154978,0.661559671685853,0.629199524590144,0.5826084576933274,0.7394182282367948,0.733007244341182,0.7031851914800498,0.6458054172545792,0.6195519350310466,0.6453095060454768,0.8431614830372683,0.6491785434784713,0.5052782743081308,0.7060007350830887,0.8644750857169021,0.7621192305393927,0.7664626288775404,0.8190548956017306,0.6066083686875821,0.7166934028778242,0.8650765938826951,0.6450434820819233,0.5576474389772064,0.8135019094992914,0.6681313989101614,0.727007805212956,0.6912330584807471,0.782349360485113,0.6786520428338086,0.6203495810240982
0.0,0.764867703948597,0.6265924994223594,0.7983464415025607,0.8092898683425892,0.6503649729590298,0.5931610572458271,0.6523249011457785,0.7567543489628359,0.7667080980709674,0.723654377619519,0.850196260036103,0.4855919958338969,0.6739607091507013,0.4751441855144245,0.7828433539921029,0.8390463560339892,0.6012756900835415,0.6777382918222212,0.6139938181940451,0.5837718876075384,0.6410881553118588,0.6300679462588126,0.7493886524209061,0.7016437379616087,0.6953073705934933,0.5317117928633309,0.6814163908913591,0.7067185682566334,0.5723077739700819,0.5171212995838905
0.66666,1.275822542954172,1.1064927426846223,0.979361052329881,1.2164648997280962,1.1879246642276637,1.313457061783634,0.9278431141390053,1.1932142922700317,1.0302246142783695,1.1586390593371774,1.2029996060392563,1.3226199288878202,1.3531559643862028,1.0651420993696892,1.0466287462862778,1.381168711202583,1.0984104868284543,1.0344849083315621,1.2426010818794917,1.1182583239956942,1.1981607835138446,1.4068824927040249,1.627946570513625,1.362119128849256,1.6003445990878415,1.1050510660429433,1.3082608374695999,1.3563297897143665,1.1304774755894356,1.4562513864562412
0.66666,1.0793606477406754,1.0663628639273794,1.1299782492588315,0.9594239514900922,1.0818243371004599,1.1523749346839915,1.2508085764754415,0.9061020179561792,1.429672539770708,0.8686996003487476,1.1604542925899548,0.9224646798115436,1.0825176990938083,0.9675160208817559,0.9214485196691965,1.113405838659879,0.9288831149620295,1.0992568281331059,1.0358643216945929,1.390858773143931,1.4819301451514726,1.170982113883945,1.2312429810930186,1.1766758945788376,1.427006624441923,1.2663396727951086,1.1308924847726938,0.8274235970845111,1.0904219585016592,1.1412284718571224
0.66666,1.0079216135538414,1.003483425616595,1.0023664350135764,0.8785595749549167,0.9940180720241517,1.7530499688545569,2.047582029356324,1.198581206270681,1.01393912389351,1.0852906729116636,1.658166347389296,1.3891812716379324,1.367406907218917,1.2454171900269828,1.2797541357461568,1.590074029647711,1.167520050236722,1.2864301587203648,0.9482449857394004,0.983540655418621,1.0732720011712862,1.0127372280111653,1.019348248724781,1.3728794302839205,1.3524852205371238,1.2510220870661988,1.0837352420176047,1.3077299439310954,1.1313582441870118,1.0439861770742636
0.66666,1.4542065763361312,1.5772694783221783,1.0685565001892086,1.269021536160137,1.2407583428317444,0.9281430911756566,1.4459156779125173,1.1678033511227812,1.0479585544961378,1.0721015140549504,1.1317952809560288,1.224713200010813,1.1937841815414352,0.9412138464916863,1.1545716987197603,1.2391301532278782,1.1878191049735094,1.229457363440523,1.1162478401680294,1.2912518164851519,1.2412251439396749,1.278161888931735,1.3146699067193712,1.3524205178683075,1.2096308461474312,1.1429240015802706,1.3416319138298045,1.3964975100059929,1.4611531243763136,0.9026690218857091
0.66666,1.1277810690959744,0.974258054958233,0.8357131371736654,1.0861823765031569,1.3988414674646001,1.556815239789866,1.3688401678925994,1.2059344402948025,1.3163726170067347,1.261920707242879,0.9447181080200302,1.2648771677434079,0.9251087890899935,0.8752179798524293,1.2076668885893598,0.9114444424863176,1.1774376638998116,1.196785395226384,1.296777640267615,1.0315985416138018,1.417376129079913,1.543101715961585,1.145767410149814,1.295113097911952,0.8738682781081484,1.1080329992263307,1.5400080756324148,1.077120731831494,0.9680942560763323,1.0267503413177246
0.66666,1.000707455173229,1.0298095749189493,0.972395925355769,1.1098268680297385,1.1527001404046506,1.0543421887222268,1.2517496986798038,1.4662504694591167,1.1572890148507537,1.2416141655163693,1.230868932538113,1.4415398654628684,1.0519381856252417,1.1845006418900452,1.2086091146496152,1.2482516241304398,1.1269382529937326,0.9258944881675465,1.0173599834124027,1.5871390678193285,1.1350985096207258,1.4030410280251384,1.0804374953409805,1.0952948578208463,1.2876443804185336,1.222213368209631,1.5018984519921676,1.5462911202521468,1.4292549688805105,0.991249337168657
0.66666,1.0556044092732242,1.2137228721311197,0.9200834169449048,1.1421276807387604,1.1165461367828093,0.9936910680071971,1.6094256981686788,0.90856162909087,1.099761672487257,1.1565363693212665,1.0607199175382875,1.0330198132266528,0.9999973737308191,1.3825122351280867,1.2912804006770064,0.868462380918795,0.9105653385552588,1.0460614378790702,0.9350199696747399,1.0760965968664187,0.9663376729333424,1.1426362809211426,0.9067617936701442,1.3130410230638765,0.9029264242743422,1.5273411861469768,1.4786864050613486,1.5110333828483293,1.418807631687179,1.18255594716397
0.66666,0.9491783931712688,1.1224859368857132,1.1185533481508612,1.1426903942864186,1.0386785660481797,1.1550118276427772,1.251931808372912,1.3446420451087637,0.8987378233033898,0.9178339662563321,1.271846261843427,1.5219559161675726,1.5799064703367633,1.0688017446454714,1.1282576713316907,0.847900598006394,1.02179707176951,1.1350958597666072,1.084207981925512,1.0748555824273076,1.1461630879620226,0.977584704707879,1.1187494525361241,1.2840411860805307,1.4237123429485434,0.9733275707245926,1.1740599378052272,1.3304855470609256,1.5975856576824685,1.035745549365009
0.66666,1.2279757012392964,1.1449145531231708,1.3246460970608476,1.1196977233902716,1.3078100115762537,1.2408749544764792,1.4366490111556491,1.098394994489514,1.2045818189885826,1.3379004188771193,1.083798904072063,1.1775723307283927,1.1354185322717456,1.2747104012218944,0.9925539095236884,1.0133281780156826,1.434469754333196,1.463952200676163,1.5254233926882799,1.071362089122742,1.2894061998029096,0.7762191776593731,0.9526698569263444,1.1859473941229592,1.2012357562751967,0.8890743567934157,0.9519815253409245,1.6428524933434587,1.051411250160741
0.66666,1.3759409819377297,1.141189309544089,1.1214649826108387,1.1605399265476004,1.0383394169421627,1.1887017055412712,1.135033976705909,1.1135172664241682,1.0313761054712862,0.9165347427401654,1.2670471497131233,1.3764914587501715,1.3326656225295141,1.3327970526745314,0.9389109039054759,1.141471092557038,0.9938931185453513,1.158477117489661,1.2961684137317353,1.1515316453360083,1.146455633843106,1.1450187034664865,1.1137933146089884,1.0830806292258832,1.530367673026302,1.471381970239117,1.2090673944603971,1.4906954080579555,1.3248269573771525,1.1940621698377527
0.66666,1.3451699204140652,1.1764521560865073,1.1878916070996903,1.1544374237944315,1.7633150601256107,1.329386380118788,1.1018372437816055,1.4799007259917045,1.3252483193320175,0.9771689295865419,1.0972873659137483,1.1473942946785152,1.1852571662448232,0.9336527251532051,1.2133489376716164,1.1799761626480705,1.3008227805262502,1.489743930238037,1.2024011856842913,1.2052987571175355,1.1574829307467112,1.2237913972894425,1.1851556585925513,1.0586194416885155,1.402128564110863,1.2280611674672761,1.3063474080101052,1.1401564978679168,1.3717651040168775,1.7843651097764015
0.66666,1.4569844862765802,1.3237800807681086,0.9432807335031015,1.4548300146547442,1.1543766774363875,1.155573695612571,1.0873703723137254,0.9158669393911247,1.117351735798754,1.334196319393673,1.0894509761899864,1.1391827276327213,1.1583334580095002,1.31652206910858,1.1475348236546883,1.1122437065885582,1.1443175253687805,1.3269051176103532,0.9847051870212397,1.2121368871085814,1.1054423215263882,1.6112771278370186,1.1458746614323603,1.1485559221408739,1.3100910777727868,0.8917761205790812,0.9882329428307973,0.8515261586211106,1.0435339575103353,1.2081743548587747
0.66666,1.5470016104232145,1.4126483258132811,0.9564481848938035,0.9551393868634659,1.4033001448236309,1.2478807249372432,1.2864557994131351,0.9077709890585327,0.9983865296954347,1.1895036733682798,1.1242193063762331,1.6248389342635392,1.1170061055558589,1.1830773554856606,1.08526357542649,1.3855452314064023,1.2185165125460184,1.2063488218044458,1.1894339114981018,1.2712879417241003,0.9009841914486495,1.4396228174951309,1.3825175507868595,1.1262543317062523,1.1197715561651467,1.276230759102628,0.9043355694059457,1.027283624539081,1.0946019755788006,1.16122926248174
0.66666,1.176395464577157,0.9290062318276595,0.9466593151874881,1.053396955920677,0.995304056363771,1.1916586294790397,1.3012607387543584,1.1217466375652931,1.1135468867836362,1.3730908038416731,1.2257243109662945,1.346586800743506,1.0564787785033118,0.9908261449292133,1.044837498375107,1.0759842482501696,1.1913480209435576,1.0607125755445999,1.0362818402689242,1.2014970678566936,1.0617221624119626,1.2308014801304763,1.0892288899825395,1.1024541650392186,1.2779118262717413,1.5908707736754881,1.261640065422394,1.2342926869442017,1.0052167138711154,0.9442791186055526
0.66666,1.0760660106444644,1.0433209860861874,1.9302453446014254,1.4328130471310532,1.0082528608438472,1.0898938943376189,1.0901378827277366,1.2382575956407211,1.0800836129903022,1.0775354427875836,1.0888597928769101,1.3281375060698146,1.428790317800129,0.9147982018664451,1.3112887219325546,1.0440831925613574,1.4974785441605278,1.1081785553222707,1.1588907669044057,1.1087758996013437,0.9063196659587459,1.1304051081558457,1.1480689341805206,1.221175854967318,1.517208499011349,1.2754264300772897,1.401008741557736,1.2790838775790585,1.014536627359171,1.2675107550590519
0.66666,1.0703785580700826,1.2614483803419914,1.1965069966074735,1.0586999213553803,0.9341468954426572,1.138408830079436,1.1214993273662248,1.2797704624706483,1.0391658290221846,1.2154845153983862,1.1679443846691537,1.1475123855848257,1.0707450851679123,1.2570599982896766,1.3143676591459788,0.9902592779536797,1.3601775851053097,1.3128748231225,1.419241935637537,1.295904238949983,1.1220859459632824,1.4187515065925644,1.254283376894953,1.120290923342451,1.0268629647812364,1.55833299563231,1.1350597362800243,1.5948320163425056,1.1166061653594836,1.048280625157448
0.66666,1.2002545647036023,1.0682537953740583,0.9944870821495057,1.0186857048268305,1.406196552683585,1.338856282922948,1.2250190020049567,0.9505688681851757,1.146299195690202,1.3952946899463403,1.4838085027199053,1.3500005325900695,1.1702548727904778,1.1045981091395118,0.87008946117448,1.1873286381150774,1.154918886643474,1.2135528593703357,1.06928907025294,1.2381674248025645,1.094707952418979,1.1754794204037244,0.9360457097690288,1.2181133238798734,1.47989792512428,0.9053165448805661,1.0908273297570272,1.1364268370529502,1.2593020221017444,1.5294804274248794
0.66666,1.3766025614885682,1.0491294562274707,0.9523245051985156,1.0118038311867772,1.1796408195654962,0.8790522046802526,1.1379445231006293,1.1100625382627363,1.4986423045351052,1.3925333730704101,1.322703545944183,1.0487569026044563,0.9783017593062207,0.9780678671695099,1.2201267377183453,1.402846858275482,1.4363218459978182,1.399087100994779,1.5838978825798187,1.37094183135301,1.3502767535046531,1.0271893023064638,1.0931139181961893,1.2558175319862344,1.3988653472229304,1.1202623427371974,1.1163046089055106,1.166058900387764,1.3164187645770185,1.229366581136942
0.66666,0.9829140083940653,1.482420333030763,0.905531705224499,1.2883192078553705,1.333402997511221,1.363153588556203,0.9219425516595566,1.2496203770209804,1.197780797150303,0.8547294259695903,1.0072048309274724,1.521688981974826,1.3601168674913953,1.0428907970285313,1.152800948857426,1.3158372733146109,1.1555044124446723,1.30819139849504,1.2842678328634765,1.1694682921416213,1.0684335834597365,1.030541137468307,1.2065421240731018,1.2858777435627153,1.188610179767572,1.2083452602347744,1.4949978616957127,1.2082302294407372,1.1868249017737056,1.2509802679925262
0.66666,1.038594098097476,1.5325882722069506,1.2462068877347192,1.3062308056372913,1.2717899311362595,1.2920408747997116,1.0627495325336143,1.0211430415709517,1.073886586089521,1.5897906114039089,1.6534617312167337,1.1511167477801558,1.1276124296580954,1.3905645962498345,1.0825839549462735,1.0227741892360576,0.9286280948345487,1.0170860806517594,1.0458761131480692,1.006755752717368,1.0068968413764734,1.7773861596128997,1.1120253133266473,1.245109045430217,1.051484822751168,1.3705117426719018,1.2940014975596776,1.5502155074361148,1.2290603874818937,1.3356480798764285
0.66666,1.3703842080142297,1.1454469519478345,1.1275602031634835,1.6188584515623292,1.169616259240485,1.4426853663485981,1.4697098269610092,1.340280732606608,1.1515826037308337,1.2191003491722094,1.261140759979632,1.2895732999081024,1.1334547036896467,1.2161274364481884,1.0703881381705989,1.068827303589369,1.3264769121572244,1.180904732629845,1.1869463760793377,0.9900426881989616,1.027577654545166,1.2277706965617885,1.0950470069642826,1.0656876065361807,0.9355097165529933,0.897207234864606,1.529012505623851,1.125877343067826,1.4011498433734608,1.3851028736630235
0.66666,1.2914458270430937,1.0426815928500708,1.1016594773900095,1.2204328596405543,1.2780850164900641,0.8334781237024498,1.2693492856953488,1.5804267444808078,1.4627372647683214,1.0439712914400947,1.2106897892478823,0.9976849887981176,1.0532117835982022,1.1313458683248332,1.0686811076786589,1.3819019557405743,1.2564110409903264,0.8708409932338684,0.9574030146335166,1.2356506461982126,1.291159303275905,1.2369184079905318,1.406235537556336,0.9943140868156053,1.2294746227223339,1.4031424548035252,1.2908287910581397,0.836491646653042,0.882881692184322,1.0866307774819721
0.66666,1.2566550221130326,1.1944841031543654,1.183877190516021,1.1586493187812539,1.342321375086015,1.2625947138863014,1.1547289496025088,1.2837410671367577,1.274466340488346,1.1406199169155968,0.9987214083684445,1.7833804664601263,1.228524761815066,1.1434149219119678,0.8452397762951855,1.1052505165663495,1.3205088611403815,1.537107967902338,1.001079522701389,1.1495059539649175,1.7916200484889013,1.18514562791192,1.1201814965903543,0.965930454490313,0.9579348993218645,1.3286302118742324,1.1513123117997397,1.2214886286118667,1.123031701371669,1.059050075336518
0.66666,1.1573201314394577,1.2659282813627304,1.1630430702657095,0.8543153014054506,1.3029264476679414,1.076399382659407,1.1748190126746239,1.0240502377620477,1.1728307565455671,1.2055094427867759,1.2409881840288437,1.1449030489317213,0.960802996992374,0.8762702198573094,1.145923747550954,1.197962672444941,1.4142108006591267,1.354512229503408,1.6223982635838015,1.5895838910927138,1.256070384753801,1.2335989853057456,1.1220740265449642,0.9678076871122566,1.215370215394945,1.5098463756675284,1.1935840730096254,0.9678633991393855,1.3074441212145962,1.045910544896345
0.66666,1.6924764293552632,1.088803078359876,1.0847198846451955,1.327556151889732,1.0958188099569652,1.3352809120407998,1.04692420560474,1.6468411741025952,1.0192290858922513,1.0065562782929216,1.2783410130848865,1.067307948078602,0.9989924845610108,1.0351920328434154,1.435702808457309,1.2245435066512647,0.7807567071117665,1.0899333671895801,1.1757850238138778,1.200853174835112,1.221003872855318,1.3125592732445153,1.0619064779366632,0.960602785703252,1.009841946757654,0.9239864065991691,1.2459822942421088,1.249767192561638,1.3409810475302422,1.4928967267584454
0.66666,0.9985249668287983,1.201614743126268,1.413745989592001,1.3198637032002272,1.3095435259583839,0.8631462661858212,0.9486290062477709,1.1385212592909004,1.198720019261115,1.2159523959295768,1.2613482456480205,1.2187983527530544,1.048521188351094,1.0851394759163493,1.007077464452928,1.1653237857920946,1.411959245259812,0.8739309274671799,1.1277257529448437,0.9964271372761958,1.2644533322671936,1.2470615846850532,1.27136006870948,1.010648766041789,1.2414991474328463,1.2846720210047877,0.9022523922525281,1.065991543666685,0.756020489034679,1.1320337854520506
0.66666,1.1760942765214684,1.370564982668048,1.3278829840114397,1.6016740005192442,1.160771852566341,1.0554897918264248,1.0962574006728278,0.9562777322542747,1.092085028644404,1.275359756638779,1.4030907783554016,1.1287276394167562,1.0319275590773183,0.9255976841935006,1.1397896642947356,0.9976677253618832,1.0098009423207082,1.219709739307051,1.122956131305048,1.3006875088690386,1.2091829753325025,1.0586884825903569,1.1121982824958951,1.4178517967397744,1.4577063332057254,1.3976608604991374,1.1540137178718468,1.4233831855788388,1.3069605463025549,1.716350658645355
0.66666,1.1497374861517504,1.1079222686314005,1.1361766034167333,1.3578576230981627,1.6309841017075737,1.446662951660635,1.3844616750710883,1.684259989037894,1.2905413683031657,1.0645151612350252,1.06568037723261,1.3913822207263356,1.4717366979708797,1.2029444879171325,0.9648365651147581,0.9534768693673391,1.208505434110185,1.0014058928299612,1.2814537086357713,1.1869205564375827,0.9477434430237661,1.1130768538188798,0.8956919366886421,1.0362961431713484,1.3836146263913374,1.1722646139394903,1.1929428201983638,1.0677613986467667,1.1268898407296595,1.2317988415548162
0.44444,1.0342614583371306,1.3226126720988653,1.1655887794566506,0.9008432224303484,0.8751657841798625,0.9833414158028899,1.0352415491740752,0.9365025124235303,0.9464102650584411,0.8164852782783211,0.8183822833323429,0.8994620624473262,1.3391822922672054,1.2024195798335184,1.1054251103495085,1.169950595568496,0.7475787544576203,1.2200296782686526,0.9970102989223874,0.9653497532833061,1.3013849962663844,1.4114695450533206,0.8615730838760189,1.0718539093011066,1.026231381278299,0.8371340135920017,0.9870006254016276,1.2356068386480121,0.9043900010440379,1.1371864828872784
0.44444,0.8278871198379425,0.799689383430094,0.8589059096126884,0.9276894468109248,1.1238035065171055,0.6330645156524018,0.8462701671190448,1.0864166806361988,0.9212800126112322,0.8324063473204805,1.3263960306505342,1.0846262902495605,1.0275435551531529,0.9290901996339069,1.1074476802285038,1.097909299613404,1.153651409643188,0.8604390215367449,1.0386235592434374,0.9301064689936261,0.8617178695927509,1.0476886699548125,0.8553482538484777,1.0268506009868352,0.6960930610896445,1.0586162772243781,0.643598561140446,1.0675833983953704,1.0025031550492767,1.0278876271083337
0.44444,1.114896784023177,1.01798823121395,1.1266097272143685,0.9127667584412267,1.1909988996792373,1.0222132389449923,1.1856770273476949,1.0012018418097106,1.2116406404354065,1.0738565182497477,1.2621350815797916,1.2143427922229013,0.9811125058278687,1.0040635581355346,0.9523304949370331,1.1651714550934125,0.9990670106021361,1.0970774870212807,0.9144821539423993,0.9508126201149671,0.9715272814623243,1.0813768042624108,1.0450051296471763,1.3181802320352682,1.313955283381068,1.2255158210344939,0.9658169216035016,0.8893001155507875,0.7881196002152051,0.9667231232324371
0.44444,0.9875528833734939,0.9922239184481734,1.3050769153433643,1.2514190272511927,1.1535882249653955,1.0920622497940675,0.829402997620066,1.1508138131231225,1.03030392254527,1.0238031923066508,1.1487469309771265,1.183277136398847,1.5006405549093107,0.9832636376903713,0.7532897280649563,0.8705700138556158,1.165492017590964,1.0001257812672932,0.8787542898007279,0.9344013082725307,0.9472842231693354,1.1168355265391265,1.1519713561591478,1.2058833584681468,1.1197029056694172,0.9010609668176447,0.8948703009247468,1.1874577619711535,1.0146650137948439,1.023216817262712
0.44444,0.9533044812173882,1.2846640718101936,1.0876427177081085,0.9067053547884587,1.1671069713321005,1.0573787913408377,0.911605125033329,0.8771480861297852,1.1272913827189102,0.8885708461353151,0.9413076626143247,0.873918351754897,0.7232751890226293,1.0028465645853488,0.9646538199005756,1.0771611222710893,1.0044800318865688,1.1220579957733858,1.12561788231615,1.1794068351305749,0.7521108882551648,1.0503138246551502,1.2077807243651866,1.1839764609475136,0.9879297179912616,1.0518993574880389,1.2078851984965568,1.0087037689303853,1.1694374477934455,1.31904688158138
0.44444,0.8445511496145057,1.15341774690795,0.8528765541709682,0.9052439305962205,1.1549357833702376,0.9064576557558466,0.8947119716166556,0.9498299232113081,0.9849485480488073,0.7450660331744194,0.9953431754757323,1.0255578228005706,0.8997367860379972,1.0537008347975332,0.9744439742990495,0.8980909512429197,1.076515679033957,0.885337363469003,0.8446257917225289,1.0652128634878242,1.0338764215005491,1.1945936403516604,1.1463390729171716,1.357920890534294,1.1377559108300455,0.9717438110615145,1.139856862230085,0.9105099908886964,1.1949854746470043,1.168851665494481
0.44444,0.8184352721465883,0.8947120748539436,0.8246911040931398,0.9904024824637672,0.7955641437255241,0.890270249557155,0.9761789789099847,0.8546296052084591,0.8305064267012633,0.826205804314196,0.740908995993661,0.9507196812636035,0.7924101963984692,1.1072532264507526,0.857368553841539,0.8737757504345047,0.9391066874302233,0.9588114139629176,0.900278338063041,0.9967794856787273,0.858173001357758,0.9239665314839837,0.925816075285764,0.8357404669017573,0.8692170889479301,1.1185607039503802,1.1384168926528964,1.02239494783468,0.9041723067275487,1.075586521421242
0.44444,0.8311370159160466,0.8350122827936494,0.8135407495955325,0.7895427485893161,1.2116517125734154,1.0377579968034967,0.8979061122567665,1.0205310608720053,0.9197162329420534,0.8110891544334501,0.9842954676893054,0.8934908463213649,0.9567701891142112,0.9484934343692596,1.1427201194546373,0.9496138797174307,0.9272976919750616,0.9230390452927545,0.7526144293252778,0.8566658404125788,1.0651018861344457,1.1838812034842838,1.0707298158515348,0.9958913221787042,1.162979129532029,1.3195598679208733,1.076403583722827,1.1369863746663822,1.22314831415171,0.9229748389244479
0.44444,0.8793880918349631,0.7673841518965108,1.2377857290200571,1.138756902117979,0.8464187622531945,1.2565075153657004,1.0773305949373964,1.1424482262259539,0.851386330453516,1.025779047431316,1.0779629399528066,1.0708025514276889,1.038000832983194,0.9311530762948516,0.8598592327525381,1.030068221805452,0.865001741553339,0.912463732878409,0.9036618696206471,0.7699899118726318,0.8610823823999141,1.251772553519136,0.9299583573190144,1.0684666484633796,1.0150285502633603,1.0724345189884674,0.8844473916998937,0.8703579644542767,0.7584168511218935,0.6984084976053434
0.44444,0.8258167444862282,0.9584032062657021,1.0319514996561658,0.8691439587822826,0.8954165538518747,0.7337623983591276,0.9634958990779457,1.303008550341039,1.000594840342401,0.7772534194008828,0.8813881042045744,0.8151277741323786,1.220863501673257,0.8275276345706617,1.3284941940029387,1.318197902311651,0.8135242052206894,0.9042657465639211,0.9039825151061766,0.8811907519015323,1.0635614518513987,1.1575094879010277,0.9792644552072861,0.972930302066566,1.323041320710745,1.272481060619518,1.0999454473493484,0.8504110742113189,0.8393565813232723,1.0615932703512159
0.44444,1.1655780375183395,1.093403239322826,0.8952338064630708,0.9257839847280137,1.0916833789762432,0.9759352176926102,1.3025902297834526,0.8148097996275694,1.2404259415697108,0.7908629675255611,0.9308905811796885,0.9242747552293834,1.000132078184875,1.0663787937002827,1.1231672971078837,1.216448965569106,0.768803746849192,0.9577459409898492,0.9244920649586675,0.866023902499807,1.2792240067730258,1.0232228853592722,1.1658741106993606,0.9293082716207375,1.012740544858067,1.062289764424212,0.9774284392385136,0.8269045541521911,1.050521146630621,0.7576905961854017
0.44444,0.9840712714854571,1.0099122007951489,1.0461022086278773,1.1579155951371953,0.9097611374375298,0.7594120592111527,0.9206057775713711,0.961056759497989,0.8226652324629771,0.8192234221113424,1.027660277872706,0.8544593191471194,0.9345351232143266,1.0194869076409758,1.0361252227255937,1.032088674772435,0.6798952172927055,1.110929005317103,1.141139113636985,0.9528628863865855,0.9097078853069854,0.8590805922363327,0.9402201042513076,1.2870949836117012,1.2337305460805958,1.1150442635318443,0.8360466113263081,0.9353753649663092,1.1282319110297772,1.1994721279157108
0.44444,1.121284835166647,1.2990802862603152,1.2945502407995384,0.9032509765838996,1.050413397793068,0.9004652340863554,1.0742182609158952,1.0359209345917804,1.2726293346794533,0.8803778833396184,0.8814878131918739,0.8927527264414955,0.8273638940399328,0.9336535955009305,1.0131530075455801,1.161991547777474,0.7891139498672458,1.1041232403521497,1.3280333242939437,1.0190676937301693,0.9558155595999567,0.8083142093841722,0.8705588744809915,0.8926334287253019,0.9683731091931638,0.9496258072624959,0.9544205304895745,1.2580228941314633,1.156464627288732,0.8438329160428729
0.44444,0.9378560357164792,1.1649655722833658,0.8286718155809484,1.1435827626401227,0.8658236979428079,0.7430534257472047,1.1162664203498005,1.2241800950479862,1.0985417027921536,1.030538888054633,0.9432191891537247,0.9523301086755787,1.1987827504581707,1.154467429019821,1.007460475035969,0.9149818462587516,0.9472775797227349,0.9077081058088061,0.9384603902466345,0.9691897358142323,1.1215520727269044,0.8710280772185565,0.8421860035895209,0.8480999886450374,1.0755929721923263,0.9773731803260528,0.9070299889388176,0.9166493053366044,0.8430849067810317,0.9469307620982883
0.44444,1.338215490867382,0.9365070517878105,0.7919869998052635,0.9524665131870399,1.253135321636723,1.167480738801147,0.8336030557189908,1.0154400402675965,0.9163836781645885,1.073956807565289,1.1250520717775778,0.7653641389487899,0.9353891619952142,1.2529723169698874,1.288765131122986,0.799799005325544,0.9164230812799699,1.1552056123605292,1.0701799861866674,0.8620156179613414,1.2017741428564903,1.1065177833787017,1.2602754148364363,0.9385667945405564,1.2090072919109853,1.139637127337197,0.8151161700456315,0.7080532441360455,0.8923076977846606,0.833800477731548
0.44444,0.8737233316451026,0.8919507699500158,1.1540253632007544,0.9243099183882497,1.32274059825731,1.075484241186724,1.161048783657419,0.9472572931895203,0.9374985812999151,1.2177494372928974,1.0767926624113018,0.7948318159780619,0.9570816502683883,1.0733870374545493,1.142758925455895,1.087157224231962,1.1463146085026243,1.0157681146969162,1.3508880304479833,0.8605353822180798,1.1130776632602764,1.1809824352910516,1.0122828923600051,0.8823924817693876,0.8058018525321083,0.8030581337226731,0.6812522990095572,1.0395534201171626,1.178734842235952,0.8959184968280043
0.44444,1.1094752007410509,1.0658675829429873,1.069836443342868,1.1548387626574732,1.2996963461569992,1.2384692789076504,0.9326660856788698,1.1934579537717958,1.0751242266991337,1.1114875558704973,0.8880322854154173,0.9214998247351561,1.2686784127199142,0.7767906543360108,1.0828498510724607,1.0833356479333778,0.9181432494847931,0.8656717806778657,0.6703707924349463,0.9289324632293593,1.2220815356023629,1.3177620950514286,0.859991490025298,0.9318557133204091,0.8371095667248996,1.2975465403657132,1.15342364373275,0.885585255938556,0.77929898910621,1.0059274679987762
0.44444,1.1642524208447431,1.332037496173256,0.9077924025125873,0.9771118291281722,0.9568886380697708,0.7792112744391426,1.0845078999881437,1.2254398142358447,1.1836977737817553,1.2808142647819234,0.8646434095081126,0.8147261878930895,1.0299617072711718,1.0467140240860917,0.7927982882077652,0.8983956477470092,0.9156717955825235,0.9837734125771639,0.8712076929932812,0.6864865823147627,1.3469465960038756,0.9426080369932883,0.7684829961844468,1.110210518991506,1.3169134512876903,0.8462281454335301,1.1382609632123277,0.8612948268477699,0.9286974215070463,0.9611718289522142
0.44444,0.8196871221272348,1.0867432975358344,1.2807426681555676,0.6472456722733165,1.2181558543159128,0.9465896131011489,0.8036868990807803,0.9278817563778601,1.2414672985033635,1.0244584219508615,0.8384923270936072,0.9782926000011885,0.864581234363196,0.9268249168517885,0.8112799475797696,1.0717973863506842,1.049129004852551,0.9584445354829035,0.9690323994737425,0.8573740816616846,1.1133869112547037,0.9874802747802088,0.654914415667637,0.8827754981547088,0.9308853085706972,1.2067292619011023,1.0906671267811723,0.9488933137751041,1.0942958650667467,1.3681354022688277
0.44444,1.0033173773845636,1.0050916795660478,0.9467045452807556,1.025708026253989,0.7884578424496291,0.8681497030153472,0.788751684335975,0.9092561434091283,1.0837769261167365,1.3118176024065802,0.8831361702915965,1.1141189074778364,0.7533833900741764,0.7799371416221124,0.8633225509819028,1.0012344433522804,1.1468401425263286,0.9032780225513002,0.9499403925745677,1.205230223450143,1.3112354899383318,1.2195055089856681,1.005472028506219,0.8211168911233953,0.8896085267198054,1.0855580566694454,0.8835585484467156,1.0572786343477514,0.7072428869420956,0.7954867003294721
0.44444,0.7065528582364865,0.9851684423195918,0.8304600144419814,1.063765433146557,0.9843310061941117,0.947957709831287,0.9834774955588884,1.0451615755347847,1.3433844023964758,1.1235663840793026,0.8859835895684716,0.8742264452584996,1.1248444667948916,1.0609467426519321,1.0176882089033004,0.8428864618526863,1.053359911231107,0.7475773628704232,1.0200908968426523,0.7569865794755021,0.8521905925871258,1.000549515097842,1.0273801922672006,1.0175824801559339,0.9306471947124608,1.0603468840696668,1.0410001903187034,1.0382847051210984,1.0272642223091755,0.8943874311302703
0.44444,0.8925399965474535,1.2067128133310945,0.8357634060462408,1.047569035121153,0.9045100382197567,1.1376464285587882,0.8842736386377499,0.864880415178597,0.8545222701378123,0.8622799501352861,1.0095341273673288,1.2690676511104253,0.7715242170702807,0.8626686454560453,1.058548321660331,1.199539741666165,0.8738123325267841,0.9925981608363008,1.2272089670392203,1.0039575845578461,1.082423494692977,1.0718391202816797,1.057239676230999,0.9026250015833791,0.9417609053030478,0.9365626797341691,0.7333858776787077,0.7735957970531825,0.8428124227911697,1.1734837670805547
0.44444,1.0042082635885368,0.9854246488583218,1.0414732317688185,1.046883671453008,0.9748896892106043,0.8535694612759732,0.9916017462324694,1.072920476157382,1.0437127747941302,0.9178422349492188,1.1694040599352764,1.2134053075297015,1.0639410017565285,1.1274447857838896,1.007458868589704,1.0465140804387167,1.2285372044160814,0.8277089036839651,1.0220271027916532,1.0247752127769096,1.1694052066775433,1.2597254777611133,1.1532209246327905,0.9556537986624072,1.0038300052401248,0.8222634479276283,0.9784222849737967,1.2648569570152113,1.202371133593821,1.0518822068339735
0.44444,0.8068540492261853,1.0788912825238752,1.1455831095538247,1.2041467125725718,0.933780532634671,1.2568344661201902,1.0579113024491757,1.1898983571423545,0.9509557913519229,0.9759545151238362,1.0324647706883021,0.9741938443990769,1.1640121517837723,1.5192966903552325,1.739760327213123,0.7523434594763523,0.9197278492795613,0.985073134820657,0.9024279444054302,1.0708598196716197,0.9274410989548193,0.9984994582111721,0.9419190824486715,0.9962981174801795,0.9799357213254021,0.8838075697464335,0.9179250936714116,1.107389830887249,1.1741314034534012,1.277150654491795
0.44444,1.0241620045520645,0.9261620170093111,0.9650911737348671,1.351311892099942,1.043624367461961,1.1232045626902156,0.8896339212908276,0.732599633999231,0.846162998668329,0.7962545978161459,1.2085506491157212,1.0016506830281153,0.9744297879684164,1.0396837451107002,1.2992032435778815,1.1665790089467094,1.0615966208683694,1.1581688164469133,1.1521282533955735,1.1810890137965424,0.8671878066463325,0.7487261651070704,0.9207745292051,1.119232994197827,1.0730018352590467,1.099601688922255,0.8385462653625063,0.9420648743225518,0.924141963075063,0.9829806141434142
0.44444,0.9858547771769341,0.9434429706870541,1.1193079229346339,1.1058369402257613,1.0920071184597422,0.8454584649725585,1.0319264654329603,0.9245440000819959,0.8192703177791348,0.9880712793793514,0.9609191080231774,0.906126563142239,0.9323525728981917,1.040377043301158,1.3417673103338765,0.9628016318786164,0.8284335210126346,1.240991767477537,0.8296688301853514,0.7576888290444799,1.1030608297174018,0.8688757022073124,1.1148637829478105,1.1048250543593348,1.1234773262685356,1.0668496917309143,1.0495196656684243,1.128913753053851,0.9873623470620106,0.8622741277906971
0.44444,1.34417594003594,1.159875976710448,1.0908436984736558,0.8922171014418321,1.0568564075893545,1.2359445444085502,0.9532625106737164,0.9242078358628966,0.8534881502590271,0.8766485614395803,0.6586771961641666,1.39574081371486,1.1245899003035664,0.8877544233513277,0.9994082411367411,1.0122860966126725,0.9803887901714996,1.043112475880103,0.7848367639844488,0.9324545483179489,0.8926843022118556,1.069189160323337,0.9179905113593134,0.9309347815299708,0.9201676244071696,0.8455577716423477,1.0436175013360456,1.1620991306050867,0.8573372869129641,0.9464597075930699
0.44444,0.9242626320390177,1.176625802898953,1.1116085280052963,1.032554553109637,1.1315590614591557,0.9712192431197739,1.0293529788719096,0.9528931917612005,0.9034712245690216,1.0246355714485742,0.9097900924739306,1.171059947940115,1.0381946006724878,0.7973590936867201,0.8891237887178196,0.9557077138316128,0.9498514605433933,1.037767678098023,1.0890421667123873,1.0524664184545964,1.0795367240348093,0.9561396741759348,0.8603859852974602,0.9466108634711083,0.8585787503738201,1.1817950705594045,0.9573927459027911,1.0128460645265838,0.9868208592297119,0.8081252432527023
0.22222,0.8992365986392707,0.8377488798263799,0.8030439307906326,0.980694042452471,0.9794615540662467,0.8012428853213412,0.8831462515845554,0.793069447903468,0.7361871251452268,0.6772887831219142,0.9441898435806957,0.6900028722642025,1.0997361519915299,0.7658675721532103,0.8196685807740464,1.08904764909061,0.7184669757504631,0.8024032002346081,0.8600410395225838,0.8711210949187956,0.6626582774695413,0.8734251440610515,1.0030141198592177,0.8604123138491012,0.7223775379167244,0.7850614619084766,0.6352923800393467,0.9216771931884353,0.8452796695754912,0.7209320189902866
0.22222,0.7053251663249384,0.7870778399384728,0.7392268235006774,0.7263335476566435,1.048553829371414,0.8718175379879559,0.8056993672045502,0.7584106767081076,0.7598520095538795,0.7204615523894153,0.7280006296860682,0.6958286646844497,0.6770707179463167,0.6530177716860921,0.7299338072984962,0.8428199337761692,0.9214552682009781,0.8845200429044155,1.0383409762235156,0.9417394386827461,0.6656300119850861,0.9198742858649117,0.8699109007415502,0.6514149043549546,0.8934098966703674,0.9125861466140001,0.6801320007782989,0.7414777447398918,0.8935250640940832,0.9199535193469297
0.22222,0.830645959653663,1.2115334220945637,0.9049416392337002,0.7243811518354415,0.76007291619625,0.9795127541652042,0.8640988729881374,0.975903258116301,0.8918530309077901,0.8656014878147256,0.856305129930765,0.8606219092397108,0.8934678403944232,0.8259092931032612,0.788407784051445,0.8373480552239256,0.7841391746031815,0.7620458518819102,0.9328426315794789,0.7275646231085118,0.8310669091244867,0.9137703475025346,0.8055250242838111,0.7882653851221636,1.0662607407008278,0.714171674495954,0.7235692158129102,0.8607993220873547,0.9878246056678698,0.7425406710969638
0.22222,0.8700380816843718,0.9015573535185767,0.6344891905744785,0.9531592199678572,0.9465297697927274,0.6255785914068892,0.8791206699034063,0.7109395804455674,0.8042690132280791,0.8355291573387429,0.8617509765004819,1.1269249660693184,0.9846343950582112,0.7019560342542469,0.7477633092153075,0.8792478222346399,0.760757021690287,0.8223445658507659,0.5887674044613912,0.7917453015764216,0.7174362078684147,0.6883407761696779,0.8164605924186247,0.5512873511873442,0.8564649691761989,0.9206780117054588,0.90725174063732,0.6652355543844076,0.7307173021872019,0.7560079375015073
0.22222,0.9422023485933853,0.7714925894034248,0.8890132487523903,0.6557073873982115,0.8425265582224517,0.9418898242561239,0.9190494205566272,0.8756988569063859,1.0089344728918161,0.6493990350781321,0.8394105400860271,0.7318879931873956,0.7975725153483255,0.932786979337894,0.8388285834969194,0.8455468618389338,0.7405806238744705,0.6104552233614962,0.6510586481439894,0.6278418635027503,1.3397175041760396,0.9258813787302695,0.7381041008730247,0.791739688672376,1.0569573912697265,0.7696703932359461,1.0949351182158475,0.9488774845944692,0.8041989526611232,0.7107735231870704
0.22222,0.6924912767072728,0.8902515499022009,0.9183271384795307,0.9950861091385912,0.803703019826384,1.0834249867010763,0.7886776291302708,0.702957177021754,0.770021162054148,0.9860608888840131,0.8641794796311869,0.8160244877436994,1.0280950273951672,0.8822223133609579,0.7627597423360658,0.7455886535121877,0.9842152350455587,0.801535195251082,0.8124748709760667,0.8596304675325911,0.7831993275705892,0.8997026786531931,0.7871897310075365,0.7460458689496291,0.705357956660854,0.8492501541246554,1.0183114303794636,0.9993180726953387,0.9463610601089733,0.9828835441528955
0.22222,0.7011122717689049,0.6678850485017802,0.6154732268825278,0.8900363605644741,0.8326204681546406,0.9879829617990925,0.6090330791422107,0.6597077183119904,0.6278956559188419,0.8783025100177699,0.7016217879049216,1.0148881934920835,0.8602402956664024,0.6894798369312674,0.5604793726140658,0.6628703835432329,0.7095396183617014,1.0414471561448249,0.908492932185879,0.7339139981109624,0.8133929812224039,0.8352443305570616,0.8265349483146153,0.8706271516386552,0.6681890378217489,0.841262071297105,0.8563629693057976,0.9327719137956143,0.921462173314474,1.154249965598238
0.22222,0.612148308658649,0.6209381081844105,0.9599444296819468,0.7494270054447789,0.6691413834740269,0.8612939485768455,1.0753539930598814,0.8988936995818513,0.9313706461116131,1.1275852582204209,0.8546275772939029,0.7782292987317095,0.6615140574316356,0.7783796782281946,0.7783521591393037,0.6927726506827135,0.579691956603778,0.7486529572948171,0.7407312792013684,0.9043959956202721,0.83285201861261,0.7327367570373725,0.7570055110323864,0.8043706610194262,0.7161094619891564,0.6828121889161574,0.7880514524787338,0.6461615298043323,0.7472251482869425,0.8496421460539001
0.22222,0.727517906515005,1.1130197917158107,1.090462376660222,0.6964142964778751,0.821380957552555,0.6822321466117837,0.6695121999712573,0.6602323724741402,0.6937981533005148,0.900839177933554,0.8911435558703621,1.0959834569681108,0.7339152225105317,0.9630049063200333,1.008176324490008,0.7995629994382586,0.8300905482578543,0.5860481144559813,0.7951144140405679,0.7113191729743861,0.7650256982382255,0.7438104789573969,1.0005432978490643,1.1060988465129837,0.7802661474544387,0.6870728220770451,0.9532080877704897,0.8373405926908996,0.7284274932093838,0.8362364796904325
0.22222,0.8428213510467372,0.8614795074646036,0.8992007842874121,0.7499559888876576,0.8597062355945823,0.8747018855394049,0.7214474468610795,0.833834050617297,0.7076283273513776,0.9619414526806996,1.0378896925230432,1.0896822969309985,0.9811607335477107,0.8953461716567254,0.9809232374591327,0.7560426265847471,1.2364041723970025,0.9052950399819923,0.6655629075978696,0.8036949309895509,0.8912337414979283,0.9401384243322469,0.919310766460976,0.8940594755672662,0.790668203574485,0.7853127327593978,0.8027041156264265,0.7244932151657947,0.9215863777787845,0.8882206184473912
0.22222,1.06623722344987,1.1837744109796258,0.8912161185807348,0.7699502412474639,0.8711323720260982,0.7693514029057242,0.9238939463978341,0.8918521480652621,0.7115101172014201,0.770636122777057,0.7258517935722308,0.8826196444702835,0.7043474278377833,0.7426413665466478,0.8125748919652847,0.9507141586639961,0.9159295170955573,0.8271772095686515,0.8086473695705892,0.8090525996498559,0.9112634926293948,0.9602039943011369,0.9867164029980511,0.9616362061619489,0.7449673847869734,0.7609353880936012,1.1723145534087138,0.7472772738421677,0.7689132020981634,0.641338719768881
0.22222,0.7715422238066416,0.8971441312910847,1.0204720639459788,0.6894624680534062,0.7686775282463216,0.8638200146146717,0.701599619355505,0.8795530373235575,0.7589756244820615,0.765687830281637,0.8594146271203339,0.9911897537803487,0.9703535564506072,0.7346994684520277,0.8831882854136103,0.7830594256197275,0.6743154716629456,0.6536435467148582,0.7589804470802219,0.7643307723297973,0.8537545738163906,0.7001368900463909,0.7921239574087232,0.7613525320347317,0.6640849883963355,0.8967886607760913,0.723515406019712,0.5013953500903631,0.8657327897599283,0.8015496541891289
0.22222,0.7857209717214594,0.8467589492281048,0.9086925654660227,0.729345697089738,1.2191704346268368,0.8197221523173327,0.9195262884891849,0.8650725415958592,0.8652539528777543,0.7661751347835944,0.8791200475292418,0.6450362940624245,0.6786130537345163,0.8732108967349684,0.5823039957277758,0.675067916003382,0.8503794819575611,0.8414826758115166,0.6122949528015816,0.792958379273333,0.9003903971473051,0.7200396785007575,1.1194817932399224,1.082734083284295,0.8674486498838853,0.8200848207898969,0.8072193068774596,0.7931940652878666,0.8392962464065108,0.560096399411769
0.22222,1.0561569967919515,0.9448755088531907,0.6140428628998561,0.8977652815282681,1.0703576209138168,0.9233215093901347,0.6681696959520805,0.9068219754239126,0.7577709697144152,0.7506713633039815,0.8592629157480822,0.7907084350972434,0.9474501688543764,0.9775415125724469,0.8390116047662918,0.9552190416404042,0.792661454308984,0.9409862825584236,0.9030012409103999,0.6792881107156151,0.7213686135117119,0.6755284562379443,0.9968845839975417,0.8996250828225095,0.7665132325813823,0.830337047007129,0.6922441585567942,0.6577914699379961,0.706101051539081,0.9021436332869529
0.22222,0.6856531326965708,0.7548542464741538,0.6814374284453241,0.9177252722281913,0.9163804660317596,0.7650703297228675,0.9463828144581158,1.1535267540682614,0.942356248647234,0.7975684373026259,0.7688625429288165,0.9061247938272354,0.8399607911781258,0.9273067208459677,0.8471651389311432,0.6450458103497855,0.6234950062913378,0.6582530420490521,0.9331651270574061,0.7320519903214611,0.9349056012670116,0.7903651919353497,0.8997490573534153,0.8971051049423947,0.883657568726468,0.9513798807076741,1.0598887955701637,0.8199138070420773,0.799191276594923,0.7063912820325244
0.22222,0.8207934484832695,0.6730577895774876,0.7821116849209013,0.7826161812186584,0.7923120429302046,0.8833920929809717,0.6915842657515912,0.9719724941403627,0.9846217913914752,0.759552509923493,0.583866310361242,0.8136244771188728,0.8277762314448364,0.7538787844694051,0.6877724335947455,0.6430126402174471,0.8510562942495751,0.8593515741478137,0.8852968006576761,0.8897836820302242,0.6984297767566159,0.9419740923932091,0.9304246428813325,0.9291395148075078,0.8886708004624269,0.9195439985961052,0.6924146859172937,0.7761491254829733,0.6926331661088285,0.8553795520109344
0.22222,0.7663754100514828,0.9411497956413822,0.8892802542901188,0.8418677092468816,0.8547807838162946,0.8647596024996924,1.0327954663321912,0.8962805828198661,0.6755462008437357,0.9051936224295584,0.9729185743574028,0.753727417398163,0.7232867980585155,0.9250477711651438,0.7808753969924495,0.6572913145974225,0.9997237819964743,0.9736056224487372,1.0122960815493804,0.9513504816701448,0.7024315745520753,0.8675213663759114,0.6502876900489002,0.7591143702414754,0.7130714777586812,0.6604535974507738,0.703468834279252,1.1651971644559342,0.8674287485872786,0.8388114024124289
0.22222,1.0877790083611796,0.7274716753823172,0.8420180872050947,0.7989569346169751,0.888283729502545,0.6492167847140734,0.9907940973854271,0.8404855278002682,0.7752644362678909,0.7346079684927175,0.959030055375744,0.8956810004167715,0.7845865770266223,0.714666628084648,1.1222745278685027,1.0086535285021714,1.026298684717777,0.6901303936810594,0.8018542505272767,0.7482287612638415,0.7845372959838256,0.7762313563245371,0.7502515780380072,0.9176861102409039,0.8489342152888977,0.7590964769838381,0.7612331106982577,1.187684360410234,1.0407795264905588,0.8277877456807461
0.22222,1.0079185302605131,0.8345755723975858,0.7637963049404453,0.7722386071442847,0.8017775759795486,0.7904093061348878,0.8340682229589435,0.8741092589156675,0.982086084140802,1.0046000049990556,1.0122434201228587,0.7564579621376277,0.7932362665807456,0.9033757979190034,0.8823161050227536,0.9229981014275886,0.9044191968140634,0.85677437492089,0.8723056497824261,0.9524956807450506,0.8274318055684885,0.9880211032118734,0.9135698821053527,0.8824364189652425,0.6700354628606826,0.673042269368567,0.8779905066598052,0.8165870727102421,0.7627446999983779,0.7519338917892275
0.22222,0.7852990163475192,0.8524115394433701,0.8346335716721197,0.8489561264382096,1.0296961008155987,0.9232192657250777,0.9239503142965688,0.7442392680533392,0.9709267855418254,0.9666801436823838,0.8569708524250952,0.7670511588014122,0.8050090405358865,0.8659710386621455,0.8918814443403079,0.64727393645981,0.8349921405353161,0.8044318839640705,0.8605954027388285,0.8507955548083954,0.7074384495787193,0.7938771046671188,0.8661239940670592,0.881268901888247,0.9839134782749711,0.7926180436580615,0.7921303602655899,1.057675875022834,0.9162381871558632,0.7527380912628019
0.22222,0.8543573315142319,0.7214519486272358,0.6459519228034635,0.8283244519279516,1.0889025360640943,1.029871384120653,0.6909419160214654,0.6599631125155713,0.8946898343023155,0.7652523170567296,0.735996093095246,0.8942903185833506,0.6604962605692417,0.6093989133273725,0.6887908730479567,1.1278928282218124,0.8379764295764169,1.3134613827849708,1.1031689117318024,0.8274115301114061,0.6308176252280078,0.6074613403956071,0.8575421659688799,0.8836840597808562,0.6972106441535378,1.0711310828700609,0.8845897490059009,0.7651877901942752,0.7713022118894644,0.7638208205272125
0.22222,1.0700351927202048,0.9335161699312464,0.823515058536118,0.9517344942393342,0.809168728856706,0.9006382262097745,0.7399656045707977,0.9751822771895837,0.7416347710144563,0.8647173993364773,0.7729919235692682,0.5262528146381056,1.1006917874924087,0.7173424390506502,0.8612499366761567,0.8046781516884143,0.7249734120918461,0.8996920231733184,1.1847476880641377,0.9434378768467296,0.9465312676720136,0.9650780987485278,0.779954587147194,0.7900206108077551,0.7674663930843936,0.7859313408975247,0.810527666527751,1.1254865348008058,0.8353573615762251,0.8329281152932607
0.22222,0.8876533897653739,0.858081017545808,0.9104362683252682,0.7798912583406883,0.7649731135118428,0.9200030739756422,0.7221615650447464,0.9503224845496997,1.0244518814248942,0.9049793855278943,0.8947329583730421,0.662856291634705,0.5417741204356105,0.6044023849218717,0.955359456844651,0.8494932442745714,0.8762600219429117,0.7369588524346012,0.9383190280786491,0.8318808597597562,0.8818020473834522,0.9975274253234553,0.9663348856040237,0.8497945444315049,1.0029949601095982,0.8102610736221666,0.7379190660206043,0.968459628225812,0.8752739372374012,0.8415879569314608
0.22222,0.8361705377161576,0.7496274609064417,0.9840722729878796,0.7730686937242998,0.6639717348443893,0.6816606700879376,0.8581828381732362,0.8649346715735102,0.7741192128231948,0.7668919733268171,0.8646726158108796,0.9018334051159873,0.6682264246170095,1.0888363662116638,0.9442112725001189,0.821551353106854,0.6827423951053726,0.764902703779219,0.8532443066278305,0.6889169414310751,0.9274430472404106,0.9759524757773079,0.791341940797954,1.0936284407677108,0.8596628872136326,0.906864038718301,0.9873818953142028,0.9233073002039205,0.8494652139053535,0.7314648766113895
0.22222,1.0701050616045664,0.9297462885941412,0.9469542487428129,0.7687213034862641,0.8869867127672779,0.7642229270351015,0.7728937131794871,0.9852700262982887,0.5422197898765699,0.8503188635470426,0.8335950828991601,0.7719667720580359,0.7863455580382818,0.8115094227195004,0.7494464570164328,0.8532833201952933,0.8994300413311116,0.8200596720198807,0.8802222144871262,0.7678422297890805,0.9601881295255246,0.9313401396248333,0.8108483875709562,0.7612359268076431,0.7585761600426336,0.8103675261326393,0.8257909249388578,0.8801999969668493,0.8875183712691507,0.8203972401431165
0.22222,1.0768501823090595,0.8244048424194863,0.7108750541288618,0.6408739476471984,0.9171418130686473,0.8033177775750254,0.8721485181165525,0.7955456533178955,0.8390060650779507,0.8571557608426328,0.8044749626666713,0.9705772075182725,0.9715476649446816,0.780661670543513,0.7800951365123168,0.7478597635009524,0.8602469029099503,0.7292466272006098,0.7474773741522247,0.974559361393907,0.8096539419349609,1.0201439803766834,1.018057724285508,0.9691540145250356,0.7440660553398487,0.8215328648234642,0.8050036206086939,0.6203411393875926,0.8470337294052072,0.9136252331336552
0.22222,0.8120905568997,0.7851496179791294,0.9097872475987596,0.8023636258892974,0.7208852419696461,0.6441063276824806,0.8789949203861457,0.8685007749390956,0.9590868807590734,0.6646768667229757,0.9047117204037433,0.9853622563775369,0.5853432709122264,0.792437436454173,0.7415040840133219,0.8559658543801245,0.9168090881465343,1.167066387458468,1.2422666417158346,0.7231970094931355,0.7674805784873903,0.6408977850069252,0.6524699661128694,0.7373057677493847,0.6947816570943229,0.7010762451567777,0.953877250040516,0.8565236501371988,0.79026665812908,0.8515877902964415
0.22222,0.7721402739745583,0.8029952314088236,0.9352598573744518,0.8622490290841851,0.8374307029540962,0.9056382670570616,0.8488540432125491,0.7820530575538313,0.6283784977090227,0.7910502040529709,0.8455761325798247,0.6298911664495199,0.8709183968730024,0.797361924818279,0.9425327149861606,0.939167563733275,0.9048098974044624,0.9747568498403751,1.1417223912188208,1.1620681391493473,0.9342323094951255,0.812969290535724,0.9570861389173931,0.9102121179971484,0.8108802875281593,0.813107119833285,0.8216555452489225,0.8692178064391101,0.6233827239999404,0.8470279665880133
0.11111,0.6932547700062017,0.6652729205500371,0.7004206037741502,0.8426658309054162,0.8279820287872713,0.8660200124721461,0.6945200798215386,0.8461870059772995,0.8286423241054575,0.6348564848564748,0.8938038618762544,0.7707774387818201,0.5565191750986319,0.7498340797520593,0.8118644480257117,0.7775638874546177,0.711188194176622,0.8631374393202135,0.6210622303406698,0.6972873170973767,0.8235220612379068,0.6341666816522225,0.6425910058084539,0.6711992249449801,0.6878374658602576,0.7293310056355233,0.5853810130525886,0.6662098884876227,0.7626966709399472,0.8137847880313426
0.11111,0.792842588809198,0.7453810632803086,0.9126922940462798,0.8916808872316135,0.8980060516108697,0.852848902215136,0.6409500377900068,0.7459863294712301,0.6272736262973415,0.5516742200350178,0.7661943967844209,0.4894713745725914,0.6747189652493472,0.599460432157926,0.518694698810852,0.7239399350787461,0.7830224342735154,0.7455470135878678,0.7242977015665886,0.6270223652296563,0.6711981942763336,0.637644040070428,0.5372384729365387,0.6737747658141817,0.7277345016666108,0.7141948454225402,0.6688296946598099,0.6990222781108305,0.8446254753792486,0.720949094695117
0.11111,0.9396314299516549,0.8072741939147606,0.6587915194085916,0.6435737857506971,0.6224618235486106,0.7634716389673687,0.7072332662806695,0.7724786590822073,0.8409086051458582,0.5767471948931572,0.5541213298296631,0.7016349750002538,0.6939125702520831,0.6996356320643553,0.8765289827779245,0.625916660299039,0.7966768561324671,0.8618533482821245,0.647637103489416,0.7318878001078342,0.7313415689273809,0.7610887408581419,0.6621002027643718,0.6945796178209563,0.8216523751612871,0.7379398533601244,0.7506445424672726,0.864488616925109,0.7468138992909796,0.8472551014253488
0.11111,0.7733405832678032,0.6801506009220849,0.8834915358315134,0.6693688882631785,0.7631233602553168,0.9396793437754727,0.7485144250838691,0.6908216460975666,0.9849877093126385,0.7209934473093234,0.6284407928066503,0.6929444542514901,0.6712858945712634,1.0439837929500293,0.7942434115654587,0.6111971892818362,0.8330268597319974,0.809081512482975,0.6544365186333287,0.7184121168521304,0.5792569974448126,0.4343380281500505,0.6785345331255409,0.7504934926559912,0.6110210939272296,0.7296870793056695,0.6301435611851895,0.8354797180148066,0.5754472258668831,0.6762388465654912
0.11111,0.6988683191646594,0.7334854706400995,0.7899088971897761,0.7332379292748952,0.7441408745434223,0.5695344531046794,0.6776588331150579,0.6754467855183635,0.6738742554768123,0.8239607633778859,0.9853698729834578,0.7753626108621553,0.892901530726905,1.0118717179884262,0.6617202985358905,0.7381618234335596,0.7857711232632796,0.8952904505703256,0.9104871010992239,0.5837899674802141,0.7109520110027243,0.7319028945569026,0.7254016322142962,0.6418543676058217,0.7678242761284318,0.7804446143887835,0.681505926693948,0.689347876469239,0.6011692780410256,0.7469426333848946
0.11111,0.5321912417411453,0.6375662227570896,0.6659183529230085,0.8126415415372624,0.8372116730862333,0.8851218468967753,0.9103094794461253,0.6876312889122496,0.7921109730629152,0.7344132622248588,0.8052405744853747,0.7719917690718019,0.8196354938978984,1.0039994134642514,0.7082930228783954,0.7291776055661465,0.6687477919632654,0.728813662836138,0.722133162148046,0.8182191536603999,0.7177896407097528,0.5333609664661834,0.7129131096769418,0.7334592453462841,0.7158987572858458,0.79707651098285,0.8088320463469315,0.7991479086220865,0.8471712539859001,0.95196706223358
0.11111,0.811560868944049,0.7852537068324157,0.6564600076045711,0.7536960134016134,0.7072878800391135,0.8353481310886954,0.8715502799252539,0.9214956472139153,0.9389755026568879,0.7919548308919456,0.5853002274684238,1.0738503703842839,0.6442619841587411,0.9221725973293614,0.75925300875218,0.9262292558206113,0.8206822047690308,0.7892280854616962,0.8266111103177582,0.6779928317985632,0.7949584870592898,0.7450879001313467,0.8938975733123479,0.698234290183597,0.7364006837481579,0.8649765390109244,0.7040791461598269,1.0659117163272636,0.7578822023604344,0.8780497707626695
0.11111,0.7560803073394397,0.7777144044520279,0.6847875814703172,0.7316339300274981,0.7089055476381168,0.9106479728346305,0.7923791042444415,0.6748107129392598,0.7732759020034785,0.7097300681065043,0.857926089269993,0.7835630193830494,0.7271201588479426,0.7108265207995389,0.7771131861602839,0.8797067785608415,0.7954137231508173,0.8151272163868712,0.7109484756213222,0.6260233104394014,0.9087111787252642,0.8311727571467098,0.9574573120460992,0.6918668773144272,0.5760496888125037,0.7636648499473441,0.8885438418261237,0.8731846670741111,0.626290215489342,0.591365360122991
0.11111,0.6703234372805171,0.580592720429859,0.7496432125923601,0.8175486691739169,0.9281900540137701,0.8981380113438816,0.8980931006465149,0.7927960713919248,0.5623622793116172,0.7771203946694195,0.8821676915308712,0.6605024168550359,0.5691824816054715,0.7269794158187656,0.5917815061932975,0.8406410556317787,0.8838242148937404,0.8609568700992369,0.8465629659203562,0.6235933530978768,0.9191675764252722,0.7868134808169712,0.6503516217856867,0.7027276206318647,0.7284140130269248,0.5692460966296928,0.7500180205424554,0.6870055683674073,0.7775305417055866,0.9628160670536325
0.11111,0.8668180604904281,1.0393170045916091,1.046408381846209,0.7434407996251017,0.6978894385936223,0.8154654702270843,0.597844344947043,0.8952188793033358,0.7628698138789898,0.7504860248842007,0.6414597302016539,0.7107564356298972,0.7290536181526952,0.9900058618511621,1.0930452096470518,0.7211226050726582,0.5407766335830343,0.8763217939880416,0.7724364894176361,0.723979806574019,0.8095768998001188,0.6065667211040293,0.8425098333688934,0.6145086961559527,0.8369482455709879,0.9856608609829229,0.7826190666026845,0.6901224898322147,0.6316518908374195,1.0857291366562247
0.11111,0.6604725968471369,0.6775579522424694,0.6750931074057064,0.8113431457221905,0.9629129154614177,0.6985881778952695,0.604721193158031,0.909635676444589,0.8816560144216635,0.7635213654409709,0.7514022127293972,0.83236407420069,1.0646581140105928,0.7810920726457161,0.8403841585522052,0.6495825344897405,0.7117935915273068,0.8106810312384074,0.7778437844809286,0.70460309743433,0.7046338730678199,0.6576597123414072,0.7633861195521265,0.7188096094570182,0.6979442989397193,0.6307225026917415,0.7391167282273617,0.6656504895226163,0.8551347443278982,0.7173859539991365
0.11111,0.575224149688875,0.6551897470054826,0.5650340745638234,0.6799776191819676,0.846703145619843,0.6547599199247113,0.6227284935132767,1.0093359093637402,0.7507776702889692,0.8033305757927148,0.8221291768558108,0.8463868617915535,0.8654581955144438,0.845320793417561,0.8239508005853998,0.8583803823376011,0.5269160496266788,0.7961687518996728,1.024053803389986,0.8669679695107768,0.7907695004116053,0.81250775614187,0.8706680442786088,0.9134570526620517,0.8569247391926161,0.685870709675035,0.6618369414215222,0.8023920790479615,0.7620972457895707,0.8027925661648855
0.11111,0.625214209920683,0.7677305091570319,0.7274987447416672,0.910899202979069,0.767587771644107,0.751577438171157,0.7522577164307538,0.8387824041289803,0.7113053162903056,0.7241877372449226,0.6202625218401783,0.8439578799158077,0.7199843964171101,0.9033264533256254,0.7460607899180955,0.672651021439852,0.4922128440727361,0.7362695629247448,0.6535740411631373,0.7404884074065637,0.6884095135343166,0.8639735583928579,0.6869647772121152,0.5972644680074173,0.859540297906161,0.8715763759313176,0.8071921131829154,0.9838323513323172,0.5794959730385051,0.6622068900011773
0.11111,0.7940760102291735,0.7661993036384073,0.6829400138298158,0.9564340511081063,0.7433343485222693,0.6392139589686349,0.9265727545194373,0.9358980353774131,0.7744881864639906,0.7413111060235619,0.816213287837504,0.9217784172697703,0.8040852001888303,0.43210832838156144,0.7738252095351213,0.890918315381329,0.7264251551710738,0.8745133069585231,0.75537340441066,0.7103381056942665,0.6497390367132718,0.7555125849435296,0.750176579260557,0.668053969101166,0.6363458150090506,0.6786967756998199,0.5797709068152452,0.8137908107126173,0.8654996106192813,0.5980632218372467
0.11111,0.8447285631069523,0.6610918841374023,0.7855202261225527,0.9299197962727443,0.8827032976913731,0.7635434762319963,0.6516382450091441,0.710706533306677,0.6319178964437381,0.6346251767103397,0.5839819681242591,0.7510112126180494,0.781634752133037,0.6893896641384338,0.6272632590650596,0.7484048904332399,0.7998145363897793,0.7337099691630713,0.7061168686850693,0.6577067988978713,0.8995424491475533,0.6419889323058724,0.6348848885899836,0.7973827074011102,0.7035247035834966,0.717024383459414,0.7088297296916456,0.6980100845067299,0.8264900919203435,0.7528840829642114
0.11111,0.8264712036816794,0.7632128828902905,0.70902981099336,0.8250273222772108,0.8732085489979515,0.7448723295388725,0.6041021526895963,0.7008541809345732,0.9596550546399258,0.7450656005977256,0.9723788102653568,0.8657571823461272,0.9370552920481006,1.0010681599660156,0.7640031190038495,0.7344930178823333,0.7463733479206337,0.6735182703046224,0.8702324415431428,0.8118641129944228,0.7832658948621187,0.6974157201261977,0.7587393581901948,0.7901957893483167,0.7559913440529545,0.6680961335755274,0.8675188728052794,0.8079586233131684,0.8611699969978,0.7679681059443493
0.11111,0.8902296898106412,0.6392939595624325,0.6426680648971838,0.9906358200001881,0.6566189718168044,0.48767747836196196,0.6810105679378566,0.9855513996979394,0.9156864113417109,0.7620159361612194,0.6184857594690788,0.8574001183395585,0.9483007595252091,0.871949905615059,0.9224015861357728,0.9164477543180243,0.8477163973727375,0.9893909219874734,0.689333770934839,0.8744091599385392,0.8376090347338595,0.6933414024152041,0.6732289172993167,0.7397598223578395,0.8340136822129824,0.921014614501526,0.7849495141520387,0.6633638163261107,0.7812798594723778,0.6412822483752142
0.11111,0.782819542898423,0.6875840192833291,0.5908391230235507,0.7381985568753653,0.8179074584381157,0.6944020672833568,0.965754378073681,0.7562612541732248,0.7358928083227239,0.6963094787862323,0.7044338775935421,0.843315616075546,0.5156283907980688,0.6794127987638656,0.5881714262317009,0.7904245432647392,0.7776296740150571,0.684692952571585,0.7400451714115375,0.9676056710191443,0.715266239037746,0.8545856533293573,0.7023825671025967,0.647062571837903,0.6855481304976762,0.7696256197190777,0.7133744127685916,0.7981108867544854,0.6296972335298413,0.9336437125873314
0.11111,0.823933344156715,0.8213411122879372,0.6380579798305303,0.7471585526379246,0.8416919010835806,0.7595660884299763,0.9571538699081281,0.8296643540164838,0.9721648254001161,0.8635614497632882,0.7878021578015213,1.0988011177767047,1.0307916588405,0.721140601661459,0.712186456949614,0.7022456090127938,0.7638412122486433,0.8780102432902236,0.6250791895389758,0.7702841997237344,0.605616188070286,0.6477094944591806,0.8283004793623411,1.2002023742783916,0.664329934661488,0.8414112813666572,0.7849928447827655,0.599303743349318,0.4883382379874208,0.6718139880278451
0.11111,0.791325917463789,0.7315852853207816,0.7054428518851008,0.8919794334679924,0.9001310711188568,0.842169294229899,0.9816398744829213,0.7366734520381053,1.0511965332479898,0.7440649495079052,0.8071110660069071,0.6665911531080614,0.7414260673343857,0.8409368651444723,0.8420998428801935,0.7395237836466609,0.6848271715173828,0.6025517802247271,0.8935750452331251,0.9302034753719218,0.6456308824234648,0.6510722050354261,0.7231574740824634,0.6768294553519835,0.7751740415854265,0.9416544416887909,0.8304877079026327,0.8579820802521725,0.8194021260575186,0.8814452294721069
0.11111,0.708853193170611,1.0258191178305218,0.8750824954718829,0.6953095684080827,0.6971042397030357,0.6950707546410826,0.8612762779788755,0.9058362832967587,0.7557862249539519,0.8568607908967633,0.7657213543328633,0.7986564615362202,0.7677328085162138,0.672218129285092,0.8190821929678729,0.881946642611839,0.9569837591301716,0.6831738072059674,0.7322528217427293,0.5352784358662374,0.5889824697721004,0.7141342620825186,0.82492617494519,0.7058519821009599,0.6599552452210897,0.9067692351359083,0.8284324153126039,0.6440650235340802,0.5751752920334274,0.526943313886347
0.11111,0.7396463323273154,0.8623174704724533,0.9644961793905583,0.8915567157604891,0.5212145726842705,0.6709207262490161,0.6657007927385593,0.9866265267387572,0.6554348129323678,0.6575910886058296,0.6224481025006426,0.6860140457882455,0.7298744659431309,0.7189285733750004,0.7050636547949262,0.8810934381149508,0.8593253909075862,0.7316872144079642,0.7494320673618268,0.8871199299175094,0.8582375217161157,0.6661087960485902,0.7790870217595124,0.9046094661906711,0.8156019903096037,0.5877347189396972,0.6375730425415241,0.5782159122789265,0.6039146658975154,0.8807288252719858
0.11111,0.7597145963806052,0.6796318095007156,0.666268075063779,0.835817764192032,0.608170815188973,0.7942569621210906,0.9029784260742534,0.7307726136774406,0.8540422207651694,0.5677497645371876,0.8193846596288179,0.7350218042622904,0.706831168387205,0.6986023938242978,0.6471983956527403,0.7299646351100444,0.7968498036261412,0.7335696692053265,0.9392704983459093,0.6748148967783205,0.5689064151134446,0.8629697770674548,0.753997079462485,1.0613686697055746,1.267525384798192,0.7887888785223568,1.2478881599325546,0.8104597049936724,0.8867866222151308,0.9500572217637933
0.11111,0.49055717612332145,0.7135851621405475,0.6209602402869129,0.7178462885053366,0.6404027799949984,0.5267358980991885,0.6334023089779025,0.695595038619226,0.8842613185765297,0.7475876995861409,0.6103485382515371,0.6518834615561682,0.8395750656674833,0.9599035253911039,0.8329678339616982,0.7225593314104585,0.8751676406126228,0.7397115197144706,0.8228171336791805,0.6920466319068029,0.5692526466224862,0.7238322116353443,0.71474418455988,0.6609528589690932,0.549333303766326,0.6197435800753469,0.8048196266627634,0.9710355319620728,0.8697172558303362,0.9288703473565058
0.11111,0.6317963659710789,0.6710707915924341,0.7360817709513934,0.7983106461005793,0.8837060184684474,0.6014463897488312,0.8260282424872685,0.833058920129578,0.7190982836045372,1.0266907066838689,0.797366387781303,0.8112267378495495,0.698015775983989,0.8857915967742565,0.8242750015339811,0.6648937347706108,0.7595172282574119,0.9281294764970464,0.8543475578533951,0.7260771529350238,0.7065746941075753,0.7692647915544683,0.7477803134010591,0.7025653622915267,0.6639650243794186,0.7289245191771588,0.5037437559150547,0.6523242031444447,0.7205900672585203,0.7111444455998025
0.11111,0.7609810594049601,0.6143701693627521,0.711425078099002,0.5781563869846768,0.7574114040297393,0.683301044906176,0.8009140454645892,0.7863600283941247,0.6987334259746941,0.7058804087720724,0.8675341907024064,0.6314876028029859,0.7442193791906637,0.6071711297398922,0.7167283943110887,0.6077893232362451,0.9631499052935807,0.7906847069996742,0.745492736771732,0.6544593608066815,0.9306205309963209,1.0370724740605592,0.5504473272981678,0.52726532366283,0.6816035571732899,0.8897413873809447,0.9638569745812053,0.8703425247642621,0.6577100533864162,0.8036324555577767
0.11111,0.6755700246880759,0.7828239113167412,0.5597470131346631,0.7149364695329593,0.8324579879255058,0.9151633102768332,0.7206737010731143,0.6221182512858123,0.7506960975892542,0.9704364244637171,0.7718310678817525,0.6135033260690717,0.6418599953592271,0.6758432062610752,0.7644093689106364,0.7296419279100619,0.8007815651401996,0.7308447028671327,0.8661683200629854,0.9073147029299761,0.6066011694496364,0.6904426039296878,0.7351451426825714,0.6672734552280892,0.7999952924059761,0.7087826479710388,0.8206478059782826,0.6377939533949046,0.6822554387276378,0.8814587046078209
0.11111,0.7998504121182092,0.6813175362917437,0.5253093304129623,0.6740847212822085,0.6008322087852263,1.066223040255521,0.590795751785368,0.8084739824253483,0.6254451597304788,0.769822033281758,0.6268563777934361,0.9840503888887187,0.6856980669958194,0.7068979250221692,0.8394366619954633,0.752549992975241,0.7881587593793952,0.7624156054187843,0.9267258964305551,0.7262027767391319,0.6571004536672281,0.7719742822240343,0.9764004665129024,0.9149839662912759,0.8523505963103526,0.8077223916603165,0.8418837560051512,0.7899627957650756,0.6317472994809782,0.7269459087493214
0.33333,1.0048329243873486,0.9839058879467933,0.9118495000340742,0.9843514467643275,0.9099947853359291,0.8223898791514124,0.8942943071417514,1.1285986891946036,0.911416038835979,0.9185814737342632,1.0554361936628907,0.8880738651195328,0.9302186638291458,0.9022121435311109,0.8466709124185647,0.8987596664989813,0.7487353383032888,0.8767111871269546,0.7669353302828247,0.9692850023129279,0.8630427544796955,1.1043958984363014,0.9273802411745788,1.1225743592937416,1.1462238043770636,0.9439467159640237,0.9706235207047704,0.9551797017885973,0.8504720721556572,0.7363815212906378
0.33333,0.9103430908420503,0.8560135748868474,0.9289151260852937,0.7339031867418703,0.7211224751142463,0.8542136509330771,0.9727631187686352,0.7774727729261793,0.9983775180792205,0.8055551188156441,0.9353494019194505,1.0966567930405235,0.7943364289196968,0.8024854011896062,0.798711894771821,0.9336095402436553,0.9472038971075003,0.8890916090235014,0.8451748693790786,0.8116069517817526,0.8967428309466945,1.0267793928371298,1.2121036516973966,0.8349861737502754,0.8102353552137922,0.8598215120941102,0.8530313470802603,0.9388766470084244,0.9196512141271381,1.0430054283108694
0.33333,1.180453450030006,0.9568139812168225,1.0099398559076425,0.8604795340243659,0.7263812030323972,1.001045713081995,1.1082818518638466,0.9627966308227295,0.6981875239212799,0.749397717026265,0.9255529435533413,0.8707493859458693,0.7887486287852425,1.050538637187917,1.144350665565856,1.2431293977653812,0.9019744535565641,0.7521079060822261,0.6997195488306092,1.0793659644950127,1.2279189910873458,0.7231129071396113,0.9617111593578339,0.8502225043110697,0.9021620757817971,0.9342870954300233,0.9791449641150926,1.0118019895428094,0.8537778245092603,1.0939633123461674
0.33333,1.060072924686766,0.7662451548020031,0.8784432583776459,1.11155776153362,1.0886926324864106,0.8022755386509786,0.8077650956889294,0.8570045464521657,0.9474360822364302,1.0031012424553103,0.8446357837904281,0.9428761444314558,1.0087804563550538,0.9223202576971813,0.8821282808138646,0.8575416945208595,0.9597964238013783,1.218973894806053,1.0673325676350334,0.7097178395331297,0.7447577589581079,0.837845266547415,0.8394528564136765,0.8276707793793759,0.8036739024805354,0.9678472576973113,0.7362700756941873,0.7978304206898647,0.8175826707036337,0.9107118280307482
0.33333,0.7076045354573529,0.7405421858189456,0.858945607370182,0.9401682366175781,0.8005105186256443,1.025270352457595,1.0120226060971473,1.1439643311222942,1.124114058930756,1.0148456055809327,0.8937496838170171,0.9098032630983741,0.6388946956309945,0.7311434465409233,1.1019888654476855,1.0324531147585785,0.8762970045402678,0.7947586287775905,0.8618459000071236,1.271979810446757,0.8233949527202652,0.8139560829684669,0.9021925449208908,1.1243636039080478,0.6886614185553895,0.7236500880223212,0.7079018774646396,0.8857037051240528,0.7659313096849951,0.9761318373261941
0.33333,0.8345895960300094,1.0165796486293006,0.928990648333686,0.8189912494153782,0.9507494277292746,0.9962711743841592,1.2567118735531584,1.1527240732239696,0.8225270167132718,0.7449722840742763,0.8597872943146574,1.2309405697430607,0.8203945425554817,0.9450239034392739,0.933927476445396,0.6792898933609234,0.6712523844493192,0.872632206028174,0.9281400511818871,0.9621999908446258,0.8666231369259862,0.8539356220913485,0.948035854111549,0.6870941480322735,0.7052413198740632,0.6785711803055064,0.8351762903652636,0.7558650817567777,1.0297504151710788,0.9252946837830557
0.33333,1.1712344118580962,1.2392577439322272,0.9461588184873526,0.906604168070812,0.8684992073423177,0.8544697644160422,0.7839268459811117,1.1222351097750984,0.5539829877543,0.9335747853089273,0.9108217497621006,0.8792555137305601,0.9458572473454875,1.1985748331353399,1.1900602700800424,0.7784995642708772,1.0406265030793698,1.0467121672803172,0.8895648146987589,0.9097918650451443,1.202984054922296,1.1768019687629534,1.0262832535795527,0.6741961499015229,0.6807064576772724,0.8978855298702989,0.8353101370723557,0.9847435437883608,0.831375256548442,0.9991063942487808
0.33333,1.161067692956558,1.0038343913590444,0.8760182876130173,0.8946931246099569,0.8660404355029694,0.956189869351798,1.077914322042335,0.8566444511827515,0.8717526732274709,0.6985588612737947,0.7665444813732469,0.7048997757920247,0.8764763919562336,1.0102493117244045,0.9274914289863015,1.0661076120114485,1.3426138531242588,1.2582721499054186,0.9593553677403326,0.6668491700260464,0.6601439189805013,0.7249244101678233,0.710593441749471,0.9349395327443252,1.0856465311977508,0.8532580166994906,1.077266625985912,1.0126649778967025,1.0871747325814773,0.9013637580321381
0.33333,0.8220691461590377,0.8550616550989054,0.8415923038752428,0.9596928691123329,0.7876320103387766,1.0301131926794205,0.8484092537669945,0.6782847181641553,0.8198413597659516,1.0376750234695757,0.9144243240130572,0.7773915970224594,0.6758461920291384,1.0051229766006071,1.0713189135726613,0.7926452018355467,0.830195197314508,1.0058327315446547,0.9565866538006123,0.8814419291739839,0.7797718205135963,0.9163511959539385,1.0985633174456864,0.7460378840434861,0.927737276087369,0.9169877971250064,0.8335092846758552,0.7734749979960854,0.8745646228305661,0.9185439364208579
0.33333,0.8896244999832774,1.1114516699519714,1.1867742265920658,1.1337600887250292,1.1181469616836175,1.1873559155660216,0.7088122529825811,0.8974375562285178,1.0120036423262266,0.8620048539676112,0.8890450563507619,1.0798082262636302,0.7511466923147201,1.0216270603864546,1.1438730418194805,0.9284271456598703,0.9084667437638343,0.9133211464372648,0.8733200821138362,0.9046575319534271,1.162338425311626,1.139549267739286,1.0171283432092628,1.2850166067382238,0.9644664169135448,0.7835950553393888,0.8683417117294826,1.1506025780448537,1.0416824985597766,0.9334819541787727
0.33333,0.9176474326795793,0.815305174349579,0.8284038377920315,0.7905522312919061,0.7746476051665527,0.7929385990065988,0.7537369982726808,0.9806892577006924,0.9459713244813386,0.9435589350189727,1.235495201857047,0.7806232787561911,1.1458561233188869,0.9305806302288968,0.8406614304314101,0.9565413392973238,0.7415283187286873,0.7053991456629236,1.0344365525228545,0.8749559890205043,0.8558738500353945,0.9311529854940955,0.9203687786266121,1.0620229045471976,1.0414450713747812,0.7719988954905511,0.9851100060556583,0.8159045529442792,0.8419538265667045,0.918589133097273
0.33333,0.9802266870294549,0.9584455435108123,0.9610494181942183,1.0259838441099896,0.6997737282427696,0.8611584960238332,0.8572080807474585,0.5816631424602161,1.005702296213879,1.072513182298198,0.672543346955908,0.8423824164378929,0.880056240409072,0.790053681994306,0.7869670645223625,0.9894903676316931,1.0634882505965948,0.7430666864521094,1.0627230933131806,0.7449604843105565,1.0127666988905548,1.0115242946523937,0.8035422233599043,0.9251032470703909,1.041588568418422,0.6344355346506638,1.21074252826153,1.4132091061489105,1.0201201585091415,0.7883500661929471
0.33333,0.8550210902582002,1.0655155224328763,0.8976528448684175,0.7865013885180843,0.7982256089873945,0.9414066021407743,0.9170211956961253,0.8996528144613454,1.4253874206929626,1.0216782438855583,0.926630670937755,0.8533885311862226,0.9075404567092555,0.9029756039149668,0.7299482082384289,0.6840034073127648,0.9270945168906881,0.8990275864596889,0.8941721997694497,1.026209317456228,0.9482966072923399,0.870076501732343,1.2331699121747788,1.159738599906309,0.7671608042684637,0.916968708926481,0.8545634818668342,0.7448425389525866,0.9088886430841377,0.9594188592721463
0.33333,0.8672385964953441,0.853665367928374,0.8112675897211497,1.0289327644028732,0.8735765827989956,0.848241925912332,0.8617111946306552,1.0618714850386,1.1377205937658135,1.0438905927880209,0.8962608586346107,0.8459010080074757,0.8302075647869602,0.832856667976403,0.8907289140467466,0.9899394826366414,0.9139136971140273,1.124373234159827,1.0001637476093241,1.4017429748044192,0.8897285242547004,0.6271643817175011,0.7588169743673682,1.2331281554778575,0.7983407025032786,1.0178804585687338,0.9712320363439115,0.9007476456585342,0.8460905503652858,1.0076683629003567
0.33333,0.7621197951355989,0.8094799890750394,0.7607267672672282,1.1335980184788745,1.0512302421489714,0.8674717360651139,1.0431518256246668,0.9893346419144655,0.9025958628439401,0.8927995152740658,0.9607897594768455,0.7298675698275635,1.2540220836725824,0.8094856505831083,0.746288826497509,0.8397127016546959,1.0495069667461323,0.88735821642069,0.8211060728653791,0.8937730672031128,0.9584651563218978,0.9431222036658383,0.8129042893821323,0.8459655190217744,1.1190799721012388,0.8638065551757476,1.4239645707206912,0.7956329615856649,1.0038380721772793,0.7902775608335842
0.33333,0.8593338509933383,0.8533656148843106,0.849569066439909,0.7679708396405743,1.0491148046055334,0.7565008262279987,1.195208679421039,0.9990237285055402,0.8550716675626865,0.8773953679981453,1.0280201683784682,1.2332408367019063,0.883871476129779,1.0380655930880307,0.9165407113375792,0.9542073241550508,0.9272640918105811,1.2746682949634676,1.134329118151715,0.9048982851295742,0.8421969952348899,0.9828053414355045,0.9101538282850962,1.3680706979759012,1.0336713101359811,1.1058586913417363,1.015755562758897,1.0373953838471999,0.7381581260875993,0.6931402931872871
0.33333,0.7774648040275643,1.1538843388798405,1.256959096848694,0.9637118326259768,0.8722530610042976,0.7825815065903007,0.7969694838917827,0.938665170355207,0.9866206943334818,0.9270111379167213,0.8127270997936001,0.9397153868822568,0.7208437680761931,0.8320066796332258,0.8345086518515568,1.0036255343599099,0.8086772151215735,1.1351818968676584,0.8060265753821115,0.6803395010731763,0.7239821116984491,0.965913334797873,0.9230356874095152,1.0872414621920408,0.8901756909268658,0.852504249247883,0.987407484414942,0.8302305118750745,0.7715615642496927,0.7494907956530843
0.33333,1.0098308623810996,1.0418201889483099,0.8880801275643044,0.7484090833299462,0.8193420087395976,0.849648902736152,0.7810516357460107,0.9544271189818004,0.9399492607678728,0.8954203971713116,0.7880652998101683,0.7515377479018811,0.9385252116725551,0.9594437371115062,0.8763892790298796,0.8907992960209759,1.0863675131202208,1.2041245598998527,1.1158429871542064,0.9335205170050516,0.7812355729948017,1.087750070525005,0.9335076788609257,0.7368267031365499,0.8088042062883057,0.8285000686702955,0.8999202453821962,0.711047351229361,1.082592288407566,1.0574035646871074
0.33333,0.8595651997787063,0.9219729750169731,1.0651902910871598,0.9213659495642579,1.1328017618224804,1.3465440571154712,0.9178664871515314,0.8330623658289941,0.8689859886248723,0.7452173441687067,1.0691808702408956,0.8741394291423745,0.6835155199191449,0.6778348267861773,0.9109216628529326,0.943183574250105,0.9177865755167,1.1258346351889212,0.7470595577858502,0.7364111063209418,0.5858533278630426,0.7166045876644332,1.0251886715492888,0.9993450516386356,0.7964275031422083,0.6287933861956408,0.8576088356324089,0.7800478820259419,0.9964279977897654,0.8445781277098482
0.33333,0.7613560541639218,1.1344524732301429,0.8358529322326588,0.9642203147324748,0.8913589987689573,0.8768757295908509,1.17943123013939,0.9470867372601232,0.9832963120548266,0.9488704256731649,0.9640201689016052,0.88652222398159,0.791393447030776,0.8008032316345441,0.859556309341988,0.8862207532761854,0.8741639727587233,0.8744696245671656,0.8586077065805201,0.9102848781454626,1.008059913679059,0.8429761689179646,0.7547104983589636,0.7815074277820214,0.6479161929061988,1.123240006048684,1.106323942320929,0.9528121637367308,0.8586565814893229,0.9416374384618815
0.33333,1.1383563248735524,0.814301813627593,0.9210522469912963,0.7101831178815295,0.7713275094693322,1.1243103338479883,1.0288417704057147,0.7160171839061219,0.7345407481501935,0.9054140212527643,0.8380314432864003,0.8856491601747503,0.7169612377358272,0.8583675866214897,0.7899048884667743,0.845298745849387,0.8800635393033761,1.073258837070113,0.9296383096284868,0.7602081425930463,0.7715742816951889,0.8452775765656324,0.8229288083217926,0.8107579836880665,0.9906604560802258,0.9070247043021628,0.8924542997509969,0.7739334315282276,0.9291974072764704,0.9107953833017026
0.33333,0.8017301968208087,0.8783315227604237,0.9832128517736693,1.1171790313228998,0.955862330512432,0.7620512901101302,0.9944371254207554,1.0764867959335966,0.8979735323415227,0.9012465951545048,1.3344949391474326,0.9393870545283749,0.8022577821668595,0.8744092203440379,0.8323944873286739,0.8411039908575227,0.8641182389452617,0.8469214469318571,0.9258058401757111,0.8761137927859886,1.0255345187318137,1.0347790829563739,0.8189091957820929,0.7680991224556919,0.7753256238702029,0.7936866549384695,0.8774144413762542,0.9633760439514674,0.9288661166690652,1.0728737043735947
0.33333,0.8170584671153274,0.7734567049960452,0.7851874868702482,1.0874841587977828,0.8148095826782572,0.9174473038541251,0.8702173570674807,0.9348354830788285,0.9582360709237135,0.9099475147368203,0.8008653341188902,0.7825123572827896,0.7231760845533565,0.878605311359793,0.8430854331094264,0.7995305857897187,0.7631182840479807,0.8692781521766292,1.014963757699054,0.8008624358450752,0.8423519680592841,0.8095376768985623,0.9952587430074206,1.0318317041502159,0.9306147126288703,0.8273304596413271,0.6122820158997252,0.8230285533213196,0.9618740287760965,0.8348479907684441
0.33333,0.9143238586314737,0.9835152136449766,1.0341202450137583,1.0241294074628113,0.8848455012038594,0.8777694345529042,1.134154267186207,0.9208736981616523,0.8383410431609084,0.9309780079769207,0.8778556547877233,1.2846379722136274,0.8673418153838646,0.7694937001402063,0.6799501280265456,0.8851921966336673,0.7680452156877424,0.7561904933387187,0.940064288801141,0.9361535464090451,0.9606763613595931,0.8607530938675139,0.8665639835967439,0.885422894493841,1.0010841864619116,0.9650177146478517,0.7417772787819646,0.8656138632047456,0.8961325915264262,0.9335784720275148
0.33333,0.9753409220683354,1.0033989723665142,0.7558971145912258,0.9077556599156258,0.9075902927182888,0.9522980821424358,0.9177454137462109,0.9368539958066521,1.0750080648350027,0.7166163843957393,0.8062371799266156,1.0377171588500973,1.0227134217088871,0.9639664992161556,0.8623995023899216,0.7509019956198963,0.7703600300433199,0.8271718338894827,0.8837390192864303,1.0607266011544263,0.9166714619898689,1.110954299651881,0.8771670312170639,0.8508695848299884,1.008326979032509,0.842592991888285,1.020013034417808,0.9248750659064052,0.9722365816015237,1.1269381466726638
0.33333,1.043088016330883,0.9286319948220969,0.7803742547089039,0.8583374099139076,0.8765830277893981,0.9484962265647049,1.1805761000826516,1.0107735693058624,1.2790231484594596,0.9837629806490419,0.9241392076243432,0.8966850523707229,0.952543161214709,0.9226768952419043,1.081024393734653,0.9499179381148716,1.0117275892561746,0.907357545495611,0.883284244341252,0.7197554112579103,0.9331941429703804,0.7770796941284427,0.7980742152553029,0.7609126282046254,0.8903281763047772,0.7999252344557415,0.7400904863348401,1.1032931873472558,0.9425129591320408,0.858297150324361
0.33333,1.1526516717690998,0.7448323451109206,0.7073069338451481,0.7289543863987507,0.8902909356434118,0.8433496485773193,0.9430268670348421,1.1131658544332688,1.088314198618261,0.9859588942531524,0.8332945067790499,0.838754113671666,0.7703107336722458,0.7575507334285254,0.8925409160189,1.2348193859012295,1.0845880441199065,1.0406252313908926,0.7778214176478296,0.7788387830752048,0.9068908146435198,0.8782465580838933,0.9866429104859695,0.9145899221685165,0.8774297809945578,0.8038494646706622,0.8900464130853208,0.8314559457835567,1.0142723327626946,0.9038438032397978
0.33333,1.0065551778079131,0.9428018148701153,0.7538667195713573,0.7358788970468331,0.8408094549868722,0.9532448812688828,0.767156360335636,0.8088555157459255,0.998953664313707,1.0852910051082658,0.9480841098740344,1.0733286355896199,1.0798447956826036,1.183421350420625,0.9542630829810644,0.9557054781644306,0.9561639945732626,0.7506639248119231,0.6795804560213967,1.0809352244946207,0.9621302618763893,0.8135463515291664,0.8410091682457699,0.953116903293594,0.9952876946383675,1.108969300094171,1.050831509502201,0.7993128029392917,0.7178817348479899,0.8966379226833181
0.77777,1.6168473338698546,1.2151962256193056,1.117777181988817,1.3915065405642104,1.0223969716356929,1.1659383707600504,1.1415008125919819,1.070690477462187,1.313120839074408,1.4532788533865453,1.2279140032786744,1.2156884273680963,1.1638734511890072,1.2866228563610538,1.695270142964174,1.173648660930582,1.681184858937901,1.5664439602446452,1.5982623817549562,1.1478984317013425,1.1257516023866818,1.424248248275956,1.2685189365886023,1.0657563332621036,1.3635899900086057,1.053496748864999,1.338040328498795,1.339598716623224,1.4623772092939264,1.264363562996973
0.77777,1.4242181998551657,1.2696051569527083,1.1947207973457006,1.3836898981253962,1.3417563903258645,1.1651604415402714,1.3829372145084013,1.0854207391567552,1.0628106464923948,1.1753821396836122,1.041018469356931,1.3192454704577177,1.3461008853249388,1.3409873689664444,1.6160190602431361,1.399368552370586,1.3778473161467948,1.5590014793055498,1.0395877162411353,1.3094901579014746,1.1891525557536766,1.6137176881855269,1.3345866278938883,1.2563993193194556,1.1060811692347503,1.2402563193797842,1.4063547459861243,1.341082887102085,1.1237698320884004,1.471122556861596
0.77777,1.5496905364984728,1.2612475077944831,0.9485947132885704,1.3704313813904097,1.4776854158902144,1.4496411086961618,1.0786715689645126,1.177967340305801,1.0830774285312854,1.1199987313943214,1.3024920289842317,1.511896659956522,1.170123766440363,1.2878689012386488,1.1388923078749214,1.49637980828485,1.3577999787056683,1.5317838802573267,1.2572222200866212,1.0199883473164855,1.2257856168242962,1.343879019043733,1.2004964847172233,1.055934285182866,1.7911327941301574,1.385272804035345,1.321922489294302,0.9310764582846895,1.1554283787075517,1.1797531689830114
0.77777,1.2476453990107235,1.392281635907412,1.2093046665134153,1.466858164583393,1.3859277488516257,1.3169001976791588,0.9956183182384791,1.238923106705993,1.4489862681875587,1.164957119966836,1.270338347904456,1.1022945454541258,1.504646170714705,1.5374429822492803,1.3870466233536465,1.0260652176377743,1.1788503297330755,1.371610391736714,1.5161707892193508,1.1321217398042478,1.5281012788403059,1.2353080966683287,1.2363168473511006,1.2745041893269577,1.379096148861705,1.5124226656679054,1.1872699614751485,1.2796481349153161,1.3228732994852266,1.2597079524341455
0.77777,1.2332032186109545,1.0043450476930607,1.0503681349575977,1.2424928905983226,1.3199222108635156,1.1228577956820125,1.5593660753975336,1.1174344996969447,1.204910473680637,1.35486491347234,1.4120856253335208,1.1123001041230636,1.6153982629719932,1.367710298223736,1.2133973073745081,1.2038884540165953,1.1655755598199258,1.2397702932223076,1.7716848941027523,1.464366036037924,1.014882409036022,1.1207223313806671,0.9640818904707305,1.349809284080528,1.471211115211084,1.3132738444049152,1.377565766298139,1.1949176666038681,1.3043958546328391,1.2153199337668776
0.77777,1.1734021381127933,1.1853919346945883,1.3168705857957193,1.5492942221240338,1.7137626636704564,1.27975732257579,1.0873544245696292,1.465580638562891,1.2459840718825326,1.3174350147609803,1.2827873409534278,1.3400840216069803,1.1140016727062734,1.2251074239429716,1.390413555562147,1.4090120384639941,1.5658317711181389,1.3805165893757612,1.723657790744268,1.286434819655201,1.2769182383307014,1.1177641687205038,1.273893400060755,1.4793902556190202,1.1736316576273937,1.5350989458364435,1.8284202543729735,1.5238368180346493,1.4332240526776963,1.1732008796569815
0.77777,1.3499025287336532,1.559668707975201,1.2430080619760278,1.649640009391322,1.3696793457580971,1.405130742689262,1.1457739193647252,1.524317434262042,1.4891502690969811,1.2475064912612568,1.4142249900692039,1.259901706014026,1.1540910688749269,1.263446227029443,1.2722988214254924,1.2729237598188383,1.51908473999026,1.631685086141276,1.4931770677555727,1.5381759670819157,1.5295618273676104,1.4789536881943823,1.5244984284082796,1.546349581980501,1.6472852184667324,1.4248417427797415,1.7137936083967176,2.284424834708605,1.466025153075709,1.4265621415725733
0.77777,1.4893416144616385,1.2341633476107883,1.2568822651815865,1.2335943780822978,1.3087187461252248,1.6028138624426476,1.4058993543695462,1.4689469518452174,1.047559219085627,1.0240744856011905,0.8909508352824409,1.1500621416472725,1.3881035115597988,1.5033332817144087,1.3136792181649548,1.2552432709345074,1.2700065450734006,1.257378806591302,1.1440366259616759,1.3654222434965793,1.1570643117417556,1.419853252719852,1.4083893713706386,0.9909507526668078,1.1896774655855522,1.1648629339364127,1.0808639806200764,1.4965280700065122,1.4637162784397586,1.3680787725684584
0.77777,1.5145619805353085,0.9423694578676272,0.9050535136612246,1.2783925126228408,1.2697321110340622,1.1465425855960856,1.1131680223794227,1.4152007506318363,1.0949054850488906,0.9413657539060124,1.2607693820370038,1.074803042082662,1.2482284965289276,1.6444607922864893,1.365962859447663,0.9988441553871283,1.092323460114411,1.092559657850234,0.9431005017281531,1.5935324822556938,1.097467409632061,0.9184203210095525,1.267707104354415,0.81949342160724,1.063210294624594,1.2824632294280331,1.2145289768333865,1.4955824351963258,1.7586752401112868,0.9864398273322963
0.77777,1.2762194312724222,1.1322204847627602,1.3019766759508187,1.5142471880111574,1.824537947217096,0.9652821689444127,1.188821632668539,1.2777875685928408,0.9467305453991803,1.3441015268451117,1.1828125214199896,1.0845272752800432,1.2062263299360687,1.5161688864035072,1.1427022923784298,1.4153738166105356,1.181934194510595,1.3607371934342671,1.7552594762982614,1.242362478266923,1.377023270376577,1.02833481516467,1.199685797925705,1.260361685888903,1.3928366177107168,1.3360070111669973,1.1720643663941228,1.0969517446603756,1.161674392750528,1.5216877737427852
0.77777,1.3787439867728548,1.4582218308194685,1.0016649875042096,1.1803495142389815,1.3662257850661825,1.2301717520059257,1.230108394975994,1.3914453685244204,1.4157186267279491,1.1139635769904286,1.0899271045315855,1.1559343429394924,1.0878174428313783,0.8663543667352338,1.0615251500833034,1.3492565694253387,1.5048181837903447,1.9778279262996372,1.1464551663581894,1.361514939584277,1.2630159469319164,1.450887038230282,1.1758614446697153,0.9067817807309141,1.116376978342985,0.8594857553292552,1.1801438218468618,1.4060414953562892,1.2694690311015506,1.3326371365739325
0.77777,1.5561983245343982,1.348764429597267,1.3557006869415602,1.617384603716278,1.2022684230599983,1.334665762759925,1.2687792004605043,1.3333610315220938,1.1605366631714986,1.3095100589960476,1.7612371901189054,1.6063553325426985,1.4505788708491545,1.1050267547847754,1.1266266944199144,1.5246658863645057,1.0584877011918359,1.2170947103217586,1.381829943798929,1.1692628255883597,1.2504989524204981,1.3580576378683888,1.092467895753601,1.1555170003971822,1.310089055319537,1.273572469730434,1.1356314527905302,1.3332671098522086,1.3023161352280437,1.0544289214975209
0.77777,1.240117336305192,1.3517768963383734,1.1717967593826144,1.105022569250678,1.2583252548649848,1.326266752039916,1.0527099106729243,1.070752159669503,1.002673089161248,1.2481007742349506,1.3240872786425055,1.309479386839117,1.217254002309663,1.3719126482098545,1.2507336084755563,1.3146501521012637,1.3966603046896275,1.3366399088690608,1.5105779905246073,1.4171438968517878,1.8435114076973536,1.8778993072674868,1.303915925702022,1.2104448223478141,1.254072212693835,1.1583126752791273,1.0566289524023522,1.3186353084342008,1.37624128959816,1.2756975409678888
0.77777,1.262829366822106,1.708296993597143,2.0619430590724575,1.1345380011272574,1.149706133971849,1.5577848280217,1.6902285219493447,1.348397823101586,2.189487765846508,1.0389993805146656,1.1968547484109444,1.6523634850849185,1.4589024511085185,1.5314608623194437,1.4482593890756106,1.5931722806839486,1.2558090664812287,1.3439583860759174,0.9543413682232998,1.1152834485415581,1.2247347001712319,1.3157558436766268,0.9267854953014328,1.1875128643313597,1.4081404276951737,1.199010285610991,0.9308099445509861,1.2658010254759569,1.3933431490272437,1.1389928157910119
0.77777,1.4351754310920697,1.2843014151632723,1.012478596299656,1.09957082516531,1.5013037605074222,1.2763645287780596,1.079678104206504,1.1103973094979307,1.4209722897092774,2.120445083639567,1.8219364346076548,1.4593623410781118,1.2325117989078607,1.1332519823258336,1.2439171815769539,1.3753042997274305,0.9930886975789865,1.152219043925091,1.2308543945043273,1.1275834747298197,1.2371964050564601,1.269650521265816,1.4121131942500946,0.8319899635376822,0.9719157511978952,1.0410118500669625,1.1300341732989219,1.5091796049930792,1.3243200893363618,0.9546191154196965
0.77777,1.1423938312729547,1.185625778504177,0.8346105552850496,0.9762863060585363,1.0345013713517042,1.143869463875814,1.148466320990336,1.505014269256832,1.5715560459407445,1.2389213947572384,1.4633166036337082,1.2005039595391864,1.4272343201396178,1.326392442521703,1.2706852335981411,1.364653688454019,1.1792135076159493,1.1752144189433487,1.3932443826824028,1.7273447165793252,1.1395929522579145,1.1129565555387013,1.5500204237023874,1.485726639215633,1.0552130839647842,1.2499259953628483,1.0113047477127652,1.4342729537814478,1.2424392831045863,1.383840242752422
0.77777,1.4673893264214943,1.3725703555057933,1.0264724396894895,1.233620138881135,1.530539535112439,1.5045328537899982,1.351234512925277,2.036159404036144,1.4923537859742955,1.0032961808234324,1.2660244413170503,1.6260251803544972,1.1998874954417527,1.4631099417995528,1.6124492365625347,1.8487996437507643,1.6178299251002684,1.3577341711416073,1.1571283535053798,1.063302723320863,1.2112514787012116,1.1896362196295378,1.3314715538800086,1.2691714610049587,1.2620667270634962,1.2616555697169203,1.3076872254442498,1.4768120881530367,1.5520645339293992,1.253169498161603
0.77777,1.0586010482915094,1.2769508886608756,1.3963717066438808,1.2326239485041557,1.1049990090669704,1.875332722478519,1.6919137602151526,1.5477627409183758,1.3786362703660537,1.1082520449180553,1.3390476319588724,1.338543192010363,1.1317317910390192,1.2295513028954854,1.5760422483559446,1.859780576688126,1.7750716928296533,1.2426473142736647,1.4346635025056933,1.3573359783445331,1.2138025303684037,1.3269252897839092,1.1854145122693969,1.25624402915045,1.1270980280621035,1.233863207158129,1.2426172365868027,1.4580301366244874,1.4774725378468063,1.2346515299545318
0.77777,1.3871516426114086,1.4141240001318756,1.1671539521325809,1.4735048110991482,1.5561859193932523,1.2426666635785228,1.2444689609420692,1.2392870529225817,1.1618868701857747,1.2910404730729597,1.2520604330752145,1.0480736144288951,1.3191186737786729,1.0248683855536895,1.150866439270435,1.1006801152174985,1.1955558642927226,1.3747256231198417,1.3873455139724764,1.0631394952712787,1.395810025384927,0.9913249726576249,1.101479114448314,1.2373392912756649,1.7435370081777097,2.095229231853083,1.653980399281391,1.0738547018583788,1.4841641270247354,1.3206605624627197
0.77777,0.8784104816231453,0.8720610706000294,1.116911426750016,1.4410119334195253,1.1594011478608213,0.8526296919201001,1.1328747689047516,1.0106745983429963,1.2615351978402713,1.096057136967746,1.227284408496734,1.0557182520837802,0.9993403141007717,1.2535564709717573,1.3116381969765556,1.111361658806719,1.0705330522076868,1.2445973254149154,1.047615617885738,1.52686948236112,1.3467653902708765,1.067320187009614,1.0811264285592628,1.440141082311627,1.6090035207600326,1.6238448373928527,1.6245636945800168,1.2113512521762053,1.4287264232565053,1.633891768144849
0.77777,1.4696627319983089,1.4347480595751738,1.4635219067671943,1.1723937708352536,0.9637764765020286,1.0922977166353731,1.358716481629364,1.1826959601171267,1.4217519066447626,1.1969910607898042,1.0032876701259652,1.1650243132862155,1.223456668238133,1.1044979981069292,1.1746619077828209,1.3517586362504945,1.2908372986668841,0.8924886020543723,1.1327932797352076,1.5839805578237731,1.0861551651525156,1.2702579459514785,1.376033932569069,1.6627909373709169,1.5438113065494297,1.519012754363294,1.2884179737150916,1.3323591136593305,1.7453404562942936,1.6062412982957661
0.77777,1.086705037306819,1.3378964363403973,0.988050762549149,1.4546716295025424,1.406890560521397,1.2540644526319749,0.948530883625753,1.1249238236046215,1.443856016489151,1.5888749717861945,1.2227957263969527,1.3212244349639826,1.8793913913681395,1.0610865277581383,1.324905438446963,1.2600601631003865,1.5626301563771228,1.3634957892040303,1.4996583719165975,1.2988489151085398,1.5076213924642652,1.494572225527793,1.367257354208942,1.3101579046079996,0.9991422691667858,1.1185083504076203,1.3602380718524687,1.3527465583971545,1.2290007539846057,1.2238789698860997
0.77777,1.182068944033324,1.4921863581446568,1.0804335955328837,1.6836754034459116,1.2340816667577954,1.4718552659974815,1.1136692426406625,1.2234646769051079,1.4983361604235756,1.4423499194116365,1.298692831803402,1.1756937280369384,1.2580039388510182,1.0364535884169772,1.498138325263747,1.0414215789253265,1.4705769998182951,1.251527729989246,1.274692034104122,1.1326447770693013,1.2478365314076023,1.1063075365173463,1.5539966105005019,1.2390620066109566,1.3932568028738161,1.2736470424688213,1.386661491593499,1.3461917694411143,1.1468002165443654,1.2234918262181351
0.77777,1.3160953336692343,1.2549814661939047,1.4004706251694445,1.1452294054364678,1.1687951790621136,1.1850383537994884,1.2080764949093374,1.6156915793966748,1.548400054728314,1.2709055051194036,1.3988165289146586,1.3169675125198885,1.066826527747405,1.1801102389315168,1.1998848298213267,1.5547350653807095,1.5000304244064881,1.3318904294645435,1.013128735000976,0.9980397363555238,1.1797917803057292,1.3732046929125017,1.3908088239323808,1.835544752335941,1.266512560955522,1.3485682472287588,1.4918402040080727,1.5130012784553544,1.5744213759236887,1.1636629680863835
0.77777,1.4144741397186293,0.9571083259618426,1.0854391272700081,1.442709398004393,1.279831592144492,1.2844629915199508,1.2785700754847098,1.5886014994628064,1.182361456256342,1.1509101626967972,1.5578937551306073,1.5584034312246446,1.243308788659492,1.161772550511266,1.3281998123773864,1.2495138801102965,1.332548661669934,1.191899554045975,1.276879882766788,1.2547229727207583,1.0241857989942609,1.0304216190321411,1.0252008347839154,0.9416457662509965,0.9894680759622662,1.2178553586719132,1.5842077466859,1.2824939332441068,1.189864013849733,1.0040257248084818
0.77777,1.3610250704016493,1.6518986549003774,1.0605833058592555,1.2817793611056485,1.3524977867614114,1.0658569227428365,1.2682477871081936,1.1426352861172944,1.1426365249358377,1.3300208548674415,2.502880899843198,1.0769192443728772,1.3906160319422447,1.3422908902671857,1.245131911441348,1.1973663402327708,1.1061199499505354,1.0444357737217962,1.0210461052391733,1.1751754349773107,1.4699431715449887,1.6097861427303624,1.325627849235564,1.3614270872620375,1.15877879689347,1.1092028792821191,1.2573041715555315,1.301816185461689,1.1132669342431982,1.401851684349481
0.77777,1.244217964629494,1.3555247959830468,1.2930445019179906,1.5491943050391752,1.486666341601223,1.5854032667724856,1.3939369784397793,1.1406573694138893,1.1601751746550766,1.0938595967544185,1.0972210317776503,1.2324388989803958,1.0371686941948801,1.1718458550904485,0.8745286698155081,1.310083733063484,1.178287302578139,1.6246282434947132,1.1053392286922015,1.2929714408249626,1.419855489842817,2.015543933173356,1.4912557742044976,1.4322266742371423,1.4835009754671165,1.2639169782479953,1.3620294412613172,1.4992395781630798,1.1968115175805691,1.3269503099320217
0.77777,1.0642273054837645,1.0359275842913693,1.2261093374336816,1.0529798407228879,1.5652507134041358,1.3015259163325152,1.0855481664047106,1.1212451591977795,1.189247119309871,1.394540929747436,1.124885382758019,1.7547933696494804,1.1494177530998015,1.031544237549291,1.0591880694020046,1.162370368857319,1.3746037821281822,1.003270175741534,1.019708134498901,1.068664253782153,1.0418372423016793,1.0819542545389758,1.133038280663846,1.2556594424777001,1.299690447649875,1.140536767531093,1.1234172465090182,1.4132833359933628,1.4097075428965993,1.4077515213564906
0.55555,1.0088255882899784,0.8362013532609718,1.2026950989083258,1.0884132854576767,1.1011849549314248,1.1075546401739582,1.0658615545111765,1.1163421912654377,1.0898845732026323,0.9819853654776987,1.1942652984041238,1.0312561813108914,1.1220550216281997,1.103178884757853,1.1025361289072757,1.3665926616223067,1.014021678172247,1.0640461629687448,1.459179007843492,1.3142614385321039,1.119253914868818,1.0940923746682931,1.3185738136218732,0.8527839785418587,0.8994881230801767,1.169481418878428,1.259130850898558,0.9284191243449128,0.8758198237635448,0.9701530330637564
0.55555,0.9152358982849594,1.0611063214060121,1.657125569374705,0.8630608573940057,1.1560964564363108,1.1850848606690072,1.0968013752249852,1.0690460245793219,1.0863994946310525,0.839474038408176,0.8574440121129512,1.0013900131949867,1.120246618295822,0.9602858357251006,1.1849905442865987,0.8917312982091,1.0178987940469424,1.171072250747623,1.1076275320619664,1.147606589690412,1.1224666646652024,1.1483899781793157,1.0334659801434136,1.0312143729547008,1.2020859167090603,1.0373196713786783,1.2407527034894124,0.7322520583397287,1.0088205908361418,1.0692103331202447
0.55555,1.090848448160056,1.2527928613909423,1.0177827511239363,0.8696896925061189,1.1154970957801984,1.2044361976798235,0.8694595490532,1.2035301934192009,0.9251788656176554,1.1567424895382317,1.0411105229137612,1.023698806848977,1.1559469062390995,1.1298574524535712,0.8962408821124784,1.0916844375234191,0.9171999553631933,0.7898079539082434,0.859389746297791,1.0888746235603215,1.4161218365830708,1.0620469322377761,0.8827873537900317,1.0574221860536337,1.0834634954871956,1.1619151528697649,0.8927399936213464,1.1645273900689421,1.0230776221151985,0.9283643612775946
0.55555,1.1557674096273347,1.0861290923502531,1.3319232177055986,1.0782352667734814,1.1397052527636085,1.1655925913399485,1.0317557094829026,1.141737379984788,1.6368458223415492,1.3511516551383773,1.0917198890694169,1.0605003719824477,1.1393150350285486,1.3054513776946963,1.3168477730279262,1.246438382884079,1.1841445039338903,1.0034484861534272,1.0239766671009352,0.8813463942856813,0.8755640620749348,0.8401647953865775,1.0526018859534716,1.1509092953891322,0.9969423443512245,1.1714388451311548,0.8140251102143133,0.8065737365427348,1.104320429002733,1.1434456639406685
0.55555,0.9831837890289208,1.0281441302200423,1.4639468790872896,1.3193168867355152,1.4393924563340126,0.857819750733755,1.5198921313652671,1.219479277580091,1.2190686175177987,1.0745631650749892,0.9839887656755284,0.9812743406681851,1.068759500472723,0.9993718862348082,0.990771840545625,0.8906977098844489,0.8913918397909962,1.0082488907158722,0.9456739268740475,0.9496722018952104,0.9371202649062297,1.0974651432959208,0.8674121785280132,1.3404193611419934,1.5478264497292922,1.0495636916805182,1.0306173432295291,1.2480955011008863,1.1784880973734644,0.991396635078494
0.55555,1.1963758573727332,1.105241243047786,0.9509413208925749,0.8761171883627904,0.903626636135448,0.8373069258768492,1.2215000522522028,1.0845032385055058,0.7305045580851157,0.9643660697567162,1.1362581360598976,1.2942945580196732,1.052947091322609,1.478890127719945,1.0287290257015185,1.3500435065250278,1.1286450974335815,1.0783035324021542,1.181555407877792,0.8375639321773283,0.9473121824912565,1.223976136167489,0.9591674030578136,0.980503727763916,1.1886580980777295,0.9870934342162984,1.1193342264531831,0.826826256579955,1.001683066435327,1.0656201067666107
0.55555,1.0655278557774022,1.234829504235146,1.0811395887701134,1.1561225079304709,1.0190438157631085,1.1184910573529474,1.213492468942161,0.8784354024048212,1.085293601887545,1.1820645550344218,0.9078376845362579,0.9840714180424871,1.0041785786128168,1.138209365943188,0.9341083944004562,0.9978954076352147,0.9868746477864816,1.0177220237039382,1.1105454980682152,1.105970569293638,0.9274805884866529,0.8988365434856022,1.0430747006598793,1.0205045168380413,0.7424744410163928,1.2518832427121176,1.152224459651854,0.8257131036784978,0.8966383724083027,0.9035669220638192
0.55555,1.1070036296967838,0.948920581793932,0.9588777331647648,1.1406923468842483,1.3783082449654278,1.3416897336180609,1.2517166605044658,0.8997694985276231,1.1595549607933038,0.9250845532574999,0.9067678450395329,0.915281509631907,1.1780624183957473,0.9857264039342545,1.096071018157088,0.896533421112015,0.9124416058277387,1.0085201769714454,1.1597059591345995,1.4077263962888398,1.0676567323278314,1.0867436393563377,0.9010190975041074,0.9194479730897925,0.9842540931028182,1.2061231008485591,1.0118263316352285,0.8632170224128329,0.9629522582663469,0.8796859596339179
0.55555,0.779329837897634,1.0321435645895154,1.1911639407613903,1.1622760357337163,0.9878273387072315,1.1958752031377544,0.9246736589765336,0.8992416924360965,0.8017169926298088,1.0088012750143869,0.9067119344826827,0.8983052366648896,1.161838158249299,0.9592225544662003,0.9356187552481955,1.2265195857064073,1.06219831661107,1.3233028222101173,1.054920992204455,1.1719196980252635,1.2225073670366504,1.2061022708178806,0.955647797581181,1.0713606558476212,0.8359427844766238,1.0602681903032694,0.9616823351240497,0.9484184392021624,1.0323714873730332,1.0802691900181984
0.55555,1.2757041907353872,1.0912429828636854,1.1095614223344021,0.8874587028425478,1.1581449972431141,1.2597872805330828,1.21529704660321,1.3006167234942807,1.1229332844172097,1.158081219325982,1.1403617305050808,1.069156350847559,1.2999171238179075,1.1006935004759189,1.1846756353022385,0.8116610509513897,0.7220285644000942,1.1674379809806574,1.0420316301000587,0.8197079947294982,0.7718230229429982,1.1473431161368022,1.3301817085273562,1.2253329522329002,1.0933839587729257,1.2000341067829625,1.1541515508767584,1.1245674466197386,1.0519841583845864,0.7438152526012518
0.55555,1.131913092787494,0.8630698980608322,1.4891663819949201,1.213927722814755,0.919044574048311,1.3314219608469304,0.9645982755695354,1.115553563648193,1.0292818514522717,1.0858632625437563,0.9408961313735844,0.9305546816170067,1.3194081879340793,1.204801092825361,1.1010496803810181,0.9831091066942604,0.8565277480551332,1.0333661462149595,0.970036034011127,0.9078890162692299,0.7600936578281056,1.1451988621983638,1.2360914126887987,1.0325545636359676,1.2857895666621022,0.944368729036897,1.1777979362911566,1.1941949562604453,0.9914294155071921,0.8260618331768786
0.55555,0.9809823149958283,0.9642065730713367,1.0175283920287368,1.4024486150214823,1.202202297478454,1.0210662440522513,1.076849574568093,1.4271317977714728,0.8879977623521141,1.1867330745017592,0.7881365865707737,0.983855728488381,1.1562362636793841,0.9806117326298103,1.1057032444389108,1.1092985177034538,0.9839877161832381,0.9865355993133094,0.8718667095737457,1.2644421679381748,1.1741330059131314,1.4394409209111336,0.9327459608993435,1.1872756703795029,1.2776787268065501,1.0835998948205843,1.0766225276664705,1.0577138482627195,1.3427856463548813,1.3568597017425728
0.55555,0.9944872811381306,1.152383936112863,1.1873497367448445,1.1686862107611202,0.9481117152262908,1.333757917496313,1.285743579862071,1.1200662954602427,0.9666770650559906,1.1368635327612007,0.9807067424704188,1.5386239093108525,1.1630127695393135,1.200246351918229,1.2965634246162863,1.2068754029706434,1.1714982746659974,1.2699323372633424,1.0626768328649834,1.0330364053604366,1.1146923301021687,1.125975890484105,1.109624449981432,0.8427764382542458,1.1510449247387595,0.9652888722930114,0.9296148923417245,1.1501418592532806,1.3149259123612744,1.0384955602224197
0.55555,0.9742084139860412,0.8020804022203594,0.9050948524371236,0.851120990572453,1.0161430043686415,1.068221199379864,1.356962632963032,0.8524782745113948,0.8999860156681031,1.2944736623960227,1.23949989665678,0.9214799235835263,1.288831410488065,1.2147790477850307,0.9180915492986237,0.9839057405262968,1.0930869739346385,1.1249717823441332,0.7967278374225379,0.9693678151125458,1.080615363499544,1.356812774747504,1.205448027522908,0.931898960364652,1.0541833242633982,0.9582962432810331,0.8792412175483099,1.0190695857801086,0.9884416325732032,1.2598665065812187
0.55555,1.0880047302597382,1.1693213947069554,0.8496088262827955,1.1533413778691417,0.867953646790784,0.9074244777865952,0.8024588314311181,0.8100509138798383,1.1628653300820273,1.2473655403772215,0.9062522243069988,1.2003376941457178,1.078289156241472,0.9947275268881659,1.3850736106226529,0.6769851432169485,0.9687460307594308,1.159913163614847,0.9528431741896211,1.175996955682727,0.8470971023218024,1.1936284723709183,1.2661362359273607,1.2659185238824657,1.2841244986436275,1.2409726901058264,1.0499697730367819,0.9170651901464614,1.026620558957056,1.114003917588629
0.55555,1.1311745864604477,1.1761132805691177,1.3654494417489358,1.2087636302508522,1.1045673566225753,1.2154017111410462,1.0987601401410398,1.01460053973435,1.1758531748952976,1.1056936900818917,0.9990131551077106,0.8675095462312917,1.442192797800539,1.0774161827208657,0.7542831825010778,0.8155721756397475,0.8865844249005155,0.9919054655906085,1.2993488371950188,1.13382250291262,1.1735696362951646,1.2168529274428233,0.925944272866004,1.1749883732513535,0.9766695394942316,1.3628101000185526,0.8984728654668289,1.0318260517438262,0.98521598984448,0.9092800391680542
0.55555,1.162428576519515,0.8309615247838452,1.2919171747442508,1.0862782134498796,1.742716687808821,1.209630681709797,0.945789686898323,1.1981829101565746,1.1193319405262265,0.9712354172902447,1.2292428782005573,1.1342048420877804,1.0233499319012613,1.1991557517048956,0.819105265127786,0.9876701690660993,1.2745185384738904,0.8379626626778349,1.0981884945195448,1.0105652945487857,1.0631362511482207,0.7051091045034452,1.0402940363397828,1.2925320718589748,1.057779682202255,1.1003286045020366,1.0337920085447343,1.0143911441553222,1.0063089240237189,1.1744605819546463
0.55555,1.0812068201406573,1.1659868481643818,1.0525154509116852,1.1478627563381316,0.9688941880325647,0.953860011659848,1.2023718567570636,1.4870130669631083,1.3558976711838224,1.00287000123441,1.2810940276548652,1.2295374744187388,1.2092575176879754,0.9830319600231483,1.027276687668441,1.5259794112838685,0.8539253483978161,0.7780338642251868,1.0262692256984243,1.1542675222842051,1.3591318294872536,0.9718117446437924,1.0170226926689283,1.052422046354383,1.2848114466899263,1.2475586709291673,0.8658817427026567,0.7881695385882324,1.117389333949616,1.2830246703450197
0.55555,1.139459518184966,1.2623484598954213,0.92122358085871,0.9081030119102934,1.0630529800431863,1.0435502308852496,0.9889431932137693,1.1430607584606236,1.0984837997806405,0.8961348531041946,1.1083969627754198,0.8677649135131249,0.9643280054914688,1.1184566309925357,1.2723528120487761,1.1063213104269425,1.2074374729674413,0.8922389599485161,1.161518817697402,0.9190442631806242,1.0761121526505257,0.9555845975607988,0.9146219313895314,0.8916592603708884,0.911476064581272,1.2893992868051167,0.9034439528727926,1.1834627420430255,1.066288683014807,0.9420103782459072
0.55555,1.1714618663161052,1.077439018063213,1.128241712114427,0.9437989691729669,1.264311358298012,1.1891041269371283,0.9321662385077027,0.8453410188119604,0.9820731793321826,1.0702093064452984,1.1627393583679773,1.117302051022488,0.9184467720439065,1.292292254156599,0.7357085690404872,1.0802071626366803,1.0727254009570333,1.0658700434814852,1.0091359821250965,1.0896900410008707,0.8959968345711848,0.9431888938718976,1.132730381960479,1.0121017464381854,1.0469761981603123,0.8622358292049932,0.8552868545193906,0.9627641734682637,1.0250739558981141,1.0769263734381331
0.55555,1.0821806424108218,1.094530796320848,1.1380364607238869,0.9315546848729777,1.2197729152042909,1.2951311647244488,0.927992857927315,1.2066782012744337,1.0176318385543113,0.9752402692968859,1.108757663717351,1.2135218213546322,1.0681922788439897,1.1741481948301387,0.9798605243952856,1.299910996456509,0.981577151597765,1.0282694835786808,0.957873357289343,1.3685384749964564,1.1480302946842265,1.022769152566844,1.0406444874818286,0.8338326637277854,1.228384916017997,1.1683934200035053,0.9031781892550038,1.299897940836819,1.1344230739371781,0.9306319160807973
0.55555,1.2245828959330696,1.0344689017802389,1.0801619584702138,0.8883250103425258,1.3230989947783423,1.0208515092646369,0.9128248820762496,0.8670133589883419,0.8282652977125657,1.250756053339508,1.2077964785777586,0.9251661220915686,0.9499080345367646,1.369045850283816,1.4857839431948394,0.7759883410584467,1.0147902566740197,1.1160389078681638,1.0281001064134396,1.1749553143361953,1.1350119239388163,1.3694991988674965,1.0819690796612031,0.981628355750004,1.0693314786103651,1.0385470148112987,0.9658561025287732,1.0334759904494306,1.1530168087592614,1.0247648592815892
0.55555,1.097254552563584,0.950620226810079,1.1013368798396777,1.3634241671883962,0.9859419486848418,0.7801473447432647,0.9427508174088287,1.1709938889496374,0.8921939583980076,1.3381839579277863,1.022591579519123,1.091436031631445,1.0287621610510174,0.9530489010555339,0.9490046470693768,1.0340546738022123,1.055890315178949,1.2829817603309202,1.0112939423799507,0.9080154508849343,1.0064645150499212,1.1074941894942807,0.9605602544784498,1.2023632542979779,0.9503740093509665,1.1464518807579067,1.0468467991001544,0.9062452417548017,1.0375135519098455,1.0506777640257885
0.55555,0.9728534598077996,0.973172456975415,0.7401526505132776,1.0289806665734076,1.0896885544828792,0.9888676123360156,0.7850460737546092,1.0607887144449586,1.1748633473504588,1.0835827411637213,1.0611427957475577,0.996535219562105,0.790604672886257,0.8091154307065284,0.8037466585524993,1.319313912636519,0.8473035693288038,1.3283008634430995,0.7527564055072344,0.9921653781527059,0.968351724945605,1.0624575263111808,0.8148428316864224,1.483220698404644,1.0873431376130915,0.9359534359570938,1.0270870015831415,0.8893439799879581,1.0861366458806039,1.006076318456308
0.55555,0.9060225588850437,1.0798005329278595,1.047860643725219,0.9459316338895438,0.9712054284780106,1.081223448474032,1.1136443516445378,0.9980234472516882,1.071644521566251,1.1370154149064018,1.049660947593326,0.9486853617394029,1.3699434241105746,1.0642926885358353,1.0664778739843621,1.0012684130694887,0.8535968944849177,0.9919982402676408,1.2218760523787189,1.0541780614807417,1.0964376920246253,1.3692490130022994,1.3735057285625492,1.0997708928842764,1.017948000319888,1.0405830666086977,1.2367545897881786,1.0092259570725475,1.0830800051460778,0.85719999007941
0.55555,0.87842824088719,1.02994032634406,1.01090971035391,1.3454615919259163,1.1280776061054758,0.909426977898814,0.9726112548423449,1.1741017577230977,1.0920100463429245,1.213408572404814,1.2727066082302574,1.290780111145399,1.1067588910344772,0.8503365117110507,0.9875908422579491,1.3177760820175948,0.804763603033084,0.9048494063268334,1.0177622816254437,0.9653259976050723,0.9616094677054314,1.105740157317786,0.9758461143666051,0.8901107825420473,1.127335401910275,1.0962382317903023,0.9317443957325742,1.319637396105343,1.2996777331639169,1.1496402842242228
0.55555,0.9833794080331183,0.9502987412010317,1.0176950654062027,0.895610593124139,1.2038151181685544,0.906228887744058,1.040924498907439,1.0355609631382794,1.0460782358821439,1.0360740985715575,0.976115061275828,0.9741206856648188,1.1212699857294766,1.4353519237668266,1.191162586471008,0.9696719293346169,1.2244836858958794,0.9874804729599944,1.0938069352910993,1.0137461564229484,0.9449466675122161,0.9622796633522323,0.8311990221415374,1.1185424323783861,1.2690495149701781,1.0888904230601903,1.0735287752640854,1.0648261241050456,0.878857873278468,1.0893616175173717
0.55555,1.0909279870915023,1.234457584385939,1.0007747991730767,0.9891093392961186,1.1597676923099638,1.1635226729078407,1.333067928344505,1.0537176034737994,0.8945489604135645,0.9726023440572258,1.1978984048610646,0.9492847851582015,0.8502074859929637,0.9753720307992928,0.8339954717787804,0.8659652533550235,1.4313534647602473,0.9675706173832064,0.7656638406193638,1.1717073674129284,1.1290936040852804,1.0007401802651963,1.230581719439553,0.8973836279360897,1.4752456620925145,1.3528278262240918,1.2111649475840969,1.1315765527466757,1.1017010429746639,1.0125791687462218
0.88888,1.5727693237977352,1.6739030890772397,1.3910863901527362,1.29803469940214,1.306372677670507,1.4923899514058017,1.8568149812820047,1.2822963676083248,1.1821167059970343,1.3390965790866503,1.5023604410711613,1.661366424626975,1.7331494900461855,1.213183407231305,1.6975033876054468,1.3098315105268463,1.7134031097195876,1.3526813462703458,1.3737215835475236,1.2887297061409524,1.229338054533048,1.19144287924229,1.6584281248670285,1.5336498978021535,1.3996741815820548,1.1100131613478124,1.3094467447322518,1.3544969858498759,1.618933303792569,1.0445875510513436
0.88888,1.5228850336303823,1.3371885613778016,1.6999796676502237,1.724439305623721,1.7685939445508667,1.637067151540656,1.356997195258943,1.2292844889412273,1.3057172678286764,1.1704948840163958,1.337270160447591,1.3881776999039712,1.0191891895644345,1.5353349864999324,1.4004476994078727,1.1128374958428338,1.7777299652767184,1.3151828469656948,2.07768201734881,1.36630158037011,1.4276871986068953,1.2461559229153165,1.2636313392194907,1.3564178392663235,1.3056969823503153,1.2773943376035757,1.356276376250949,1.121174822267822,1.6671372071576676,1.4159185848182716
0.88888,1.636217344335385,1.4330744634803103,1.378702678803495,1.4691588362280459,1.2389195044081953,1.1099986999372828,1.5100882699249298,1.4719435124411682,1.6055085795354054,2.3935104470899224,1.8143892787836964,1.1475514633130401,1.0675934395759137,1.62818467700967,1.6106993753348253,1.657272292507944,1.7059552962093443,1.6238813612074874,1.5929661696441788,1.3950661421415842,1.9505688921083733,1.368173286555746,1.6088963265732958,1.410702118174731,1.2175909205284392,1.4133328555033098,1.3834213930986687,1.3709726140732854,1.2842026441499057,2.306709821335586
0.88888,1.4321440243890597,1.514591091581355,1.6678365295517956,1.2215038029559486,1.6626063877472104,1.4075570253703198,1.1629206589740049,1.8367594341413696,1.358733496226561,1.3711219755927058,1.3639111067734797,1.3557477481890974,1.7050501826563276,1.263721090160912,1.2127631335511841,1.4827281538056618,1.5821731231174418,1.6636174898099496,1.5577536412009523,1.6437453942418174,1.3538463761039612,1.0210943096772997,1.106201303490055,1.0869833913358697,1.3054189997509724,1.4295272503199554,1.434870598341159,1.3015118885045278,1.1497710866630173,1.2750055389374617
0.88888,1.4037762526739557,1.5043198881859536,1.2265318529799056,1.159122484273101,1.2712637868657823,1.2756937665969958,1.1072700028326066,1.0504187668055123,1.285700621192754,1.312830018734593,1.4410475623571062,1.6579702124332323,1.236917273548855,1.3271522727241676,1.2581020569130765,1.7304022364758322,1.245158262582891,1.3453636234063495,1.4365885764895832,1.4553300648586491,1.8986767653929937,1.538418193723975,1.4959983410199789,1.4922112521369912,1.6084147867316798,1.3620280943285672,1.5195364777040647,1.6884181166786152,1.3526176257297065,1.594287146105766
0.88888,1.4417208143785745,1.2866326624430666,1.4013238445477672,1.1777459294150099,1.2500066335309747,1.3287097114028212,1.5945422919463939,1.4838615653101805,1.6958979064483386,1.8411693439681927,1.859078851442923,1.3078382480297073,1.0645224090323342,1.3611659734390829,1.5098851269031182,1.5324874011107046,1.1647268877334787,1.124583789407903,1.7183274289811414,1.3320972756107672,1.0908569290284762,1.019899659568178,1.3492665007111102,1.3251658950423761,1.3510705827869343,1.3630969737878411,1.4289274286442235,1.5226038058312512,1.4401302057479013,1.3513949400187615
0.88888,1.3577346049296655,1.2609325202951638,1.354887635512345,1.2453298524639445,1.6143476940977597,1.7206525175520673,1.2888916669647237,1.2597270326170473,1.2554386818993226,1.2985425133134225,1.676959099331884,1.7892229857240214,1.557612447961477,1.6924018658758575,1.2433289164814332,1.4874949276794047,1.1657540077176396,1.5103200197449347,1.3762590173447058,1.7022680030090587,1.4371969177951351,1.53968178152104,1.3368768368022341,1.1217063210959253,1.4179254253385167,1.2681258344023458,1.2402533453425446,1.0978188622765104,1.1430836684595067,1.1154797950074653
0.88888,1.92625259160366,1.6119109985644318,1.1752967873491784,1.702117624831444,1.6610827968120854,1.452060603405118,1.5486836821916812,1.5431378516079763,1.4445128298341436,1.5895053756226512,1.3235429543095443,1.0991725690325775,1.2993840370447483,1.318242002565614,1.3349311102711798,1.5154070450239485,1.2847950160279307,1.1677685806600877,1.491738291475499,1.4019883679233895,1.1587486934690305,1.3193005986260153,1.3431729635316279,1.3158817762015393,1.1585088225308169,1.2948543888089563,1.3804555649862498,1.5070524854989173,2.0583963848452846,1.1678202830797444
0.88888,1.6483175356400335,1.2701995361541814,1.203553586239229,1.0181887089795307,1.5376140108922307,1.8454909021003287,1.2837445081176482,1.1360818328802171,1.1260124870306445,1.3361140710715826,1.7113408321432944,2.2126649059925416,1.377007621879512,1.3197203950749046,1.1632803145108064,1.368656845952302,1.6037077645839632,1.5718913834352584,1.5869578363402437,1.3110802496087408,1.2806869986150446,1.218550281904557,0.9634369984978607,1.2690987374425668,1.3095869385662566,1.30507095830387,1.6639062021321556,1.3408879906534108,1.4051301462007602,1.440424891307643
0.88888,1.321996791352541,1.4745298470107462,1.2915378531898563,1.3274054479495452,1.5879008366898217,1.307816729043735,1.1467162912250288,1.2236294150276135,1.1680509794459515,1.4055934828957075,1.369065509441774,1.3002359061416382,1.4485172691907025,1.3762841653663664,1.0030019316078445,1.3071467012124867,1.3027892846911124,1.7701227830440232,1.7511277826904474,1.5901491150525284,1.1529247734413008,1.3112955599812433,1.3080123298648734,1.6508651089399582,1.4821865805137362,1.136124520784392,1.246062754144145,1.2180521727761993,1.4815899596722817,1.5797513616304446
0.88888,1.6905160042997602,1.4208662163916255,1.3780820320982445,1.4479849771487256,1.3074438582072276,1.1144649964887936,1.2901134357728807,1.4256133162663875,1.5462277977043701,1.307000416475856,1.872507432339872,1.2120965418110528,1.591641659214128,1.3191220212934682,1.3532053338151961,1.431461814378541,1.3601532275402026,1.4996973661258564,1.508068031949733,1.4071973057372376,1.0827040228835005,1.1922475862894142,1.7541651002914367,1.4150138147871842,1.349092795952341,1.2852237567119706,1.2585152007366478,1.4547354250142102,1.171040834465054,1.6905981588800314
0.88888,1.6448162916592195,1.3852222826121938,1.6651276898959733,1.5873352698519232,1.6831391732737793,1.2730413892069634,1.3258082406990899,1.4783945196221928,1.4382617479069442,1.316270443803413,1.3032681265104349,1.3799079587414624,1.202097175139421,1.1775504525083051,1.0086922666672635,1.1472817046585537,1.4427443592546505,1.239763531833438,1.8544200641816784,1.6140171548168563,1.7587802572550064,1.7510076201782494,1.1954517958410442,1.110229973845672,1.3661809667836189,1.2615685584778071,1.4218692615228135,1.2411750765352305,1.3940357085829849,1.4420927844203022
0.88888,1.6915897412324141,1.5504749186171976,1.2680872282716353,1.338108367349196,1.385027691233326,1.6860422838332703,1.4308507060792577,1.4512986238797898,1.3311613671334077,1.4569128004505865,1.5712411659855758,1.9321107049671893,2.015519469606469,1.5685791697553213,1.5196985430139611,1.3699266832484849,1.5121202999494632,1.5510230362896575,1.337484847324027,1.2283641696955068,1.7213664474225714,1.7455704042972646,1.5044676235573575,1.4235598705594024,1.637847353003395,1.456490616017333,1.1996084160112193,1.4246134950428413,1.7085301039624703,1.3879658081973596
0.88888,1.5880447613387785,1.4609405884389106,1.1303593060290458,1.3560601364621312,1.1938052712569704,1.175805329635511,1.4619214820274875,1.3321226469956564,1.3900537568432312,1.2615187542248822,1.7026180051367346,1.417846068854179,1.539312280536403,1.4541550858377197,1.1007659700352876,1.4597346988254651,1.04199573777942,1.2436937902918168,1.2310344898724352,1.5069152973018656,1.1247816580013743,1.0360980094308687,1.664104153419262,1.5899584284847637,0.8824188908723923,1.4873993407549346,1.4282032161851215,1.36857652794267,1.4074755225946634,1.2725217622892262
0.88888,1.4572718300956626,1.5688445879959778,1.1054497512122259,1.2672825485470303,1.2973840265497198,1.2221449398491278,1.4760503013274915,1.3997400183745003,1.17329043562377,1.1831041736493006,1.1250280512754751,1.3386928908005857,1.503423546086422,1.2629110165482809,1.5633940003369837,1.4727404228792382,1.3739843798640716,1.4633942920507308,1.449553913292991,1.2119859725678466,1.5706785157987335,1.2016037632234735,1.2094304954602468,1.236294997516476,1.3300543501924906,1.2017822035504362,1.2543211455417398,1.4288947132847885,1.6135847132050525,1.6689991008543053
0.88888,1.394017050517228,1.4369784379309727,1.3930404156499607,1.4190472978548385,1.6263617117258686,1.3628028696963213,1.4462991518010733,1.7278399060605327,1.4581199450266373,1.2452898599481272,1.349092534336795,1.6504735284422694,1.1864475388109372,1.2918725071064765,1.0959707637154563,1.1989935319911569,1.4077834249341654,1.3839800491769099,1.6406518515756274,1.5020173286588125,1.3258118920500048,1.7196401209478864,2.0642735496227065,1.399164205690653,1.169627601783988,2.0156245478315062,1.4995768252807251,1.4968549184762785,1.2112797236485562,1.3929778470548415
0.88888,1.4623297845789205,1.5888815014748732,1.1133036919467223,1.3422453850871312,1.6973556314949958,1.6688229782771202,1.7710065697417035,1.7031660597121747,1.9074386315113863,1.1782709029310137,1.4409359882334922,1.637039191909646,1.4314275135411254,1.9353863183024334,1.735429423441054,1.2121764624940428,2.1457341572310766,1.516807613586922,1.6600362369406296,1.211290431622403,1.3633565767240432,1.6586815217944015,1.2907428507178826,1.4720220097768837,1.79153462551736,1.5860850660045678,1.164250727699587,1.3261191538841859,1.298568556575072,1.2319535785939795
0.88888,1.2024792595258,1.2151710865347662,1.362612127284542,1.5583705319895513,1.3109882215637108,1.200456678225669,1.3772161704274803,1.689160391251297,1.0518111703655788,1.0305260071555271,1.237022684781907,1.3124299692956032,1.4488109386306525,1.5192338184535197,1.652876150475979,1.199665655693989,1.1087635066185693,1.0624059256867375,1.4076341655499147,1.3880810456637611,1.278732014380817,1.1623400087141207,1.28989406878071,1.2086867132371606,1.6302879921877602,1.2497923089615484,1.4283708112988733,1.465032958444833,1.1902865865631378,1.1252935343358441
0.88888,1.1394284379953565,1.1599114273944389,1.1290096035739663,1.3068197268942385,1.1765722573431778,1.3174881624648003,1.167209275014719,1.1292566029459463,1.2873208478375546,1.5384711130786357,1.7596243409518002,1.4997929940530095,1.5449632231429866,1.5330478552993807,1.191774157673099,1.409289265118363,1.3863280848797608,1.3751635669164541,1.244217407264054,1.6324218057461968,1.48983936932199,1.3583127872562593,1.541237642086696,1.3343116113018665,1.4582021217803303,1.3919623536302637,1.3091531779998846,1.3068299347889694,1.7765810899027428,1.2301581623345843
0.88888,1.416092757830591,1.2521571975925505,1.0976736440991903,1.5118391106474942,1.5339907065018952,1.2525268695904725,1.5888909394928636,1.2220098346687216,1.569427831959322,1.6063937765790388,1.1519854775344072,1.3070070014192077,1.0088170640576388,1.7668110845511666,1.7179658472948773,1.5427587473711442,1.3160664793191,1.317735774184667,1.2371555465017934,1.873129845865741,1.2278354108876937,1.082378499783632,1.268094365680742,1.6968342043822362,1.3108275770734992,1.8166140933370019,1.8804026846001625,1.4814171140487224,1.201924101507738,1.4751953226106178
0.88888,1.4437423932437972,1.238468982876283,1.3614747909379734,1.2414414715815676,1.641621313953039,1.1484230983034116,1.1460983011760342,1.2812513301204922,1.4462008424052837,1.2925467749609834,1.4261722349367472,1.3013554003763623,1.3156905629996833,1.1636072507381057,1.420128501812539,1.7465741594729043,1.378555060834304,1.4773241533912862,1.498286908994439,1.3556455614787424,1.7603863685670382,1.4754971931157435,1.475037716945827,1.1004843345486006,1.352845084499957,1.2792961510399579,1.4066626502910746,1.7917815143273426,1.230286392140048,2.178186970341815
0.88888,1.7232309448719463,1.4358576940075631,1.8136064749207765,1.6585978420361305,1.692830327404209,1.065022930719315,1.329909484318231,1.5031442708217646,1.6876714594139748,1.578699774055243,1.344277732205904,1.171570125675536,1.4584307368867295,1.6543076600663347,1.4470157375418282,1.420822238734322,1.4643376746906482,1.49592254602186,1.504977860874604,1.1112921609201571,1.4191286514766366,1.5727946206205095,1.3707260294339145,1.2354882086411547,1.3276962003168529,1.4221524795187623,1.3921755472919732,1.5682459052744495,1.2018890892533556,1.2720671019195853
0.88888,1.7710234012628234,1.9732412198667966,1.8317508073003124,1.287118992502998,1.067302603771978,1.166363408834315,1.2463410163257869,1.7716722647456795,1.458636112326982,2.0035172895671183,1.5820343237720145,1.4041098307235136,1.427635819670808,1.061123355143721,1.432698299455674,1.1721894821830194,1.3937415068376566,1.3413741557603998,1.3259744059390954,1.1261060126866145,1.2038748853918635,1.5717441760377862,1.131196106821998,1.2194944151271088,1.4851615664106266,1.8788512282807597,2.4888448785492177,1.7090062946254352,1.657260962501385,1.798811963793524
0.88888,1.3826679998976208,1.674347364614647,1.498013145684666,1.4500947464948881,1.198842926611653,1.3037613649030493,1.9203975786295235,1.2590881340895221,1.3443428000834745,1.2274132573195322,1.4219234299223393,1.3131617692246091,1.256413666613663,1.3176839386459078,1.4295816509612875,1.547126871391745,1.6981476028269518,1.4241979131229625,1.2721934701985873,1.5773654196738938,1.4497111960118116,1.3912287066008873,1.1881362174024817,1.3908060678505427,1.2161084640317437,1.4709843892933103,1.3242786723449798,1.706949162827456,1.5139264985818508,1.2550910634438182
0.88888,1.2641376407828637,1.4510467228647246,1.30713274573829,1.4089702936089954,1.5119997870463762,1.3792412313119484,1.3814971670994294,1.5845941965345227,1.1902009473320898,1.5131864801275108,1.2602545876837057,1.0672201839504927,1.3465072948856425,1.4351575233288298,1.5294465900555854,1.3839078839977563,1.0993122131854454,1.4116034091275684,1.153739246962009,1.1714617179608655,1.1795349936221178,1.2639466671109567,1.533368436565947,1.2826125735081197,1.4566851944964978,1.2839146548546434,1.094412566103506,1.6131725729815156,1.5443993826916091,2.35972446077353
0.88888,1.471794987809415,1.4689197375839111,1.0962094039501453,1.6855851977035852,1.840919841377629,1.3477065439436793,1.5687802083237674,1.8100554152541857,1.3292088710947607,1.7655380794930728,1.6733947521365515,1.3646547726358067,1.3863847713066115,1.4185600511919927,1.744622120180815,1.7093780635561993,1.8630353341389863,1.6847916071539153,1.437739659078782,1.2783237205757447,1.2153278990729632,1.2698717173857579,1.5265752514152162,1.6049381255570883,1.5636703798617302,1.2939894021106986,1.6583427657326204,1.4124592894210544,1.3085586707508496,1.237026837330564
0.88888,1.3935117569818023,1.3996981252627263,1.2629598284419037,1.0278324833707289,1.4003788543652143,1.5805176724102075,1.3027464507645279,1.129330849343605,1.6245806596082022,1.274866719629278,1.3352291813994355,1.5246833501812858,1.2453812251545573,1.220709667897542,1.3503679814557012,1.486246493535906,1.7334449737478677,1.7718916774967775,1.3266478290277761,1.367242677653297,1.3351846753959373,1.3761321940686313,1.0747560635460371,1.412495172031245,1.5200807214505974,1.1163392347959546,1.2688058131403925,1.7644105428802561,1.3086917731633194,0.9304910188317758
0.88888,1.21924326487917,1.2804028060356476,1.3737952190668845,1.0568219416750673,1.5245126749078501,1.9439362382694905,1.1496254343087904,1.5151094764713713,1.5495792417537793,1.4314257908759824,1.3297208544996997,1.3396519813619523,1.6458263669689936,1.4883303121846212,1.1380525077808945,1.2244018513215493,1.5979228203582767,1.7913989712694,1.2284973179831817,1.2850598208058193,1.004826941694308,1.2845657484124418,1.2615985538946213,1.3130804197783776,1.3996578639158506,1.4063277550242044,1.316357460892872,1.3220215083306053,1.1033054191109721,1.1466685591180865
0.0,0.6304590275140132,0.44529434545922614,0.633728552433927,0.6265537621245818,0.5764732680441649,0.6439656718348338,0.7324771773183959,0.8267229733485494,0.6267046416576312,0.6761338996073154,0.5944151831941373,0.554104558936247,0.7802911218690264,0.739466119928201,0.8648037805220403,0.9540214016531022,0.7881454862562107,0.8416426488866207,0.7206252814384061,0.7975718140971966,0.9921731517957495,0.7604948760741049,0.7319138292129491,0.5510417674418181,0.6683892772588127,0.6405257869510431,0.6780448289005572,0.7615339135132071,0.8105937809089446,0.7638718354278307
0.0,0.731725360503618,0.786532763814766,0.995586383988517,0.5266157776176889,0.6622590366446391,0.6069123858460075,0.44355911528166075,0.6853938952584673,0.7418339554818234,0.5715501040184932,0.7026663284548134,0.7594602413584763,0.48874701670816134,0.6563304623443343,0.6729925474364631,0.6521604579797369,0.6640516017395682,0.6135048742370448,0.5707548901985966,0.7039574982289414,0.7526392207350833,0.9232072945765285,0.7548161718965746,0.635325857491905,0.777921731964187,0.7726469554087408,0.5240240474549672,0.706014519662961,0.7994654184938904,0.6935139765962446
0.0,0.5877296756249513,0.5802100127369284,0.7143184995587358,0.6963866112583478,0.6535664152206991,0.6741077406628628,0.6005736963472007,0.6506423950552772,0.6714213363657333,0.9551697325884853,0.7302642325281613,0.7345317348919427,0.6079850333613219,0.5796176044241536,0.7662211749156242,0.6208368827441901,0.7718691947691705,0.6479090684907131,0.7922270636699117,0.8168976062770507,0.7032108258758363,0.6196985131226801,0.587088896662523,0.6816066163453031,0.7921678804524457,0.7002825396947931,0.5418687295375106,0.683075467617226,0.7986069737170398,0.7986879631311973
0.0,0.8273366440171183,0.7702914078265772,0.6506392728661348,0.6555423047703713,0.7329647020324892,0.6791077811512372,0.5616255497511778,0.7255896906636957,0.6634787260058163,0.615737214100578,0.6870530456519723,0.8584785478838929,0.6882318234544343,0.5550074317416832,0.7045468852233511,0.8422812595123244,0.720632400754025,0.4889450953688065,0.662481021494901,0.7911435013827308,0.5419830437439279,0.6682159135507231,0.7525598876269316,0.7205269607335167,0.6932277935260889,0.5676892433095498,0.547620335112259,0.48806347430030855,0.5338406251703575,0.6449559402701288
0.0,0.7054267162446255,0.7054504241375771,0.557131382870896,0.6831243627367349,0.6469703603164755,0.8477342241623503,0.535742405374153,0.6712671589232725,0.56192707977052,0.6295350080908678,0.7814692057559401,0.7416724624645291,0.7069516369612575,0.7572895119178283,0.5248275495356209,0.5438854732722098,0.7063115696585596,0.7351856204125697,0.7673694002111412,0.7569989171854788,0.9326561520977582,0.5571095852833254,0.5561984674113701,0.5533468015518852,0.6446002172730538,0.675502821490649,0.7611834143761131,0.8062277234579354,0.585464013953488,0.5202224510832315
0.0,0.7745202277103677,0.6008451915453105,0.5882590036258407,0.6622634880484989,0.6519018987704387,0.619266959787542,0.7692590046842823,0.7513410939919023,0.7567622386360023,0.8749350465753173,0.8338262043005579,0.7099889356067672,0.8022203725871144,0.872737995471875,0.6776620727824597,0.7875721503700831,0.5563779152057938,0.639231284133419,0.6020930878375643,0.5778526423166765,0.5459629915266163,0.8366415587315353,0.7837254077273644,0.5093280802879551,0.7238410361716617,0.7413955405553351,0.8023095897654877,0.6204646282491267,0.8150252897486846,0.5640666920739187
0.0,0.6207715426718775,0.615115439833057,0.6223465247097264,0.6380176510902483,0.847589201134028,0.5665463921604369,0.6164647486435417,0.769054157692855,0.6170062693400836,0.6939170397483742,0.5041555276217419,0.7394618568451283,0.6597080034529748,0.7493437791121316,0.6362468030639115,0.5789795861500748,0.6343734397986885,0.5730690026442857,0.45840811287274824,0.42994068462574586,0.6088685600638146,0.6414282018315504,0.6171791254840145,0.7558706442403371,0.5931395573955289,0.8151796428710152,0.7599578133206637,0.6325364318046912,0.4644066272455534,0.4248588584579376
0.0,0.8153815294273031,0.6825267069605704,0.6928803416239524,0.8870932970658235,0.5861403208552476,0.7353026812555494,0.6618270899956765,0.8954549556604819,0.6469639401951968,0.6100622974886553,0.5437407744756976,0.6809336838855469,0.9429480370611074,0.7210544796746078,0.6155219383773913,0.910770275656553,0.612867671134171,0.619530937328902,0.5847832751555403,0.697737880836289,0.8786032537349624,0.6973330896914788,0.6334709008536386,0.6489902914338398,0.4832129751599537,0.6579805620652617,0.8519471491897699,0.5752394018332099,0.8089673930519564,0.8300869205527607
0.0,0.6920863933222796,0.7221338513952705,0.5725128044919015,0.5452408741380818,0.6275648620037524,0.8583690531554148,0.9542179114211484,0.7507225993952275,0.8980846076245785,0.7089654725810444,0.5488542751056144,0.5694977667080044,0.6574482820334764,0.7205269646884197,0.7159681261644932,0.7175998844342105,0.7027975583421971,0.6156847944584886,0.7599780856056291,0.6769855816814476,0.5483258329487211,0.9135181510674368,0.6151209656046891,0.7106842398257687,0.7765165301864116,0.5327990935151041,0.704189097264925,0.7330723742839924,0.8123431032599503,0.5397295888399716
0.0,0.6575990315401121,0.6878391522774059,0.6557534984465215,0.7312520127870316,0.6839876098890223,0.7811834155279609,0.6735789923932305,0.8406427361637084,0.642952842276384,0.617615316427185,0.5176556961577108,0.5653682980302938,0.7419561576019258,0.8140464250520434,0.6232773930598331,0.580730376968196,0.5832923673521038,0.7235339014770098,0.5611131815405569,0.7108643674523263,0.7237518971925934,0.7498892290785224,0.8034857409079111,0.6568352704984591,0.5251484297320484,0.6556593750443281,0.7024354374103948,0.7827421679411378,0.9054790249468012,0.5812768450867872
0.0,0.6224529540393208,0.7399428571081245,0.5962091410823588,0.5001379444322609,0.6159349255490525,0.8147129731689003,0.8353907241611191,0.7412485420850483,0.8119281462586208,0.6177466366264635,0.581448383762243,0.6164793220371516,0.7852828288603645,0.6719129864784056,0.7431187737858717,0.7988462056633684,0.6832538368414919,0.5921784149512836,0.5707741829904707,0.7582829263937134,0.8874179134696585,0.6203814467759875,0.7332850035521928,0.5383505233212629,0.6535990387621226,0.60518177386688,0.6374408269602593,0.5488147567517916,0.6666311624778178,0.6307913495004981
0.0,0.6879877016080577,0.766699117027817,0.6857535415355834,0.7080811139210766,0.6176856006881679,0.5089164587486443,0.6571659389013947,0.6994096454934897,1.0437566688701305,0.7675558352358587,0.6775533834648443,0.613208756379198,0.7264421189451618,0.6821881401476187,0.7180228241791122,0.6742331593240468,0.6282810532044291,0.5745608431155259,0.60794394753608,0.6423241698994314,0.6084105572376123,0.5709887241979781,1.1297021018970106,0.9647221003271322,0.6050992280027858,0.6279929046766406,0.6022347787006896,0.8673767701124399,0.6614047504893608,0.5702132879396152
0.0,0.784238102446445,0.7607420284977567,0.5746819315973423,0.47301373729583523,0.6820882276899164,0.7279244030699651,0.5957202648754437,0.6027229901788026,0.7706903556521392,0.740747376379434,0.7552952862622111,0.5390552823639576,0.7017195128233987,0.744751479008554,0.581886782176838,0.6243886605977229,0.6022612165327549,0.7431442305318944,0.5866827190037088,0.392018136874066,0.5876132664000535,0.9838501494769645,0.8407665027496913,0.6773298238290137,0.767296742935192,0.5657690411521422,0.8762920021752728,0.5880387447656444,0.5544926977357477,0.6219030685724852
0.0,0.5708760531597736,0.501421948521187,0.5242097049908114,0.7255685318795303,0.5947543249361686,0.5312296250458142,0.6472129677657542,0.6702543893236569,0.7658962482866625,0.6160109762416706,0.5652560947551094,0.7131877730676849,0.5802089619289762,0.6814280212230276,0.6270441005237103,0.6760872307019204,0.6961525077522895,0.6414684907300646,0.7543269626990573,0.7120210144624713,0.5754730291455431,0.7538213207626308,0.6775440098187907,0.5026839112496896,0.6014468978070622,0.8117202849606168,0.7012121081351727,0.6668015675459892,0.6915243900246918,0.6901691313035461
0.0,0.6674752693748345,0.7955744648565878,0.7125575912888151,0.8308116592357662,0.7884404903174131,0.7322527127830019,0.6814629953234713,0.7166566173102712,0.6282637998559748,0.6023844001457228,0.6085510202638846,0.9019168618442439,0.6803949873078755,0.8781520668705064,0.8210018387677204,0.8267796508476106,0.8246337571117577,0.9214415686967948,0.913533618279055,0.7476949625581992,0.6933115343978447,0.8132198744352886,0.7552814014451821,0.7978198214936807,0.6713807762910008,0.5253123129366749,0.7458556745227389,0.6420380854860469,0.7766800039138249,0.7878395900861161
0.0,0.7771261606912571,0.5604048837052161,0.6867532421116638,0.7443734817177219,0.5086860886416418,0.5708856556073743,0.5446634990079257,0.7780435038141181,0.9649721351111457,0.7806224195175148,0.8638886200849826,0.7204840264604786,0.7389656652770593,0.6339088510704995,0.7501862263233315,0.7618470242236658,0.6966472998817257,0.7059431154928271,0.6749676196700466,0.7574154459072304,0.6099415900695925,0.6170258484608022,0.6287966756,0.6101335686855748,0.6371726371076202,0.8273726506789243,0.832205231010832,0.6138180731886353,0.6406651170506155,0.7775166370528879
0.0,0.6729532945377894,0.737559647891069,0.6814783621857081,0.8886592611591576,0.8283175122968676,0.5923825567861145,0.5289887457613597,0.5161993604275955,0.618383998540785,0.7618308439419571,0.6015844066310982,0.4480993431543526,0.7307792395779845,0.6844639195920443,0.8049620926095806,0.8698814005511368,0.6712585091049652,0.6774444306623054,0.5964309327235073,0.8469943215308974,0.7101050268512825,0.6884904797378545,0.6413559763825625,0.4224727778400617,0.6046855348396182,0.7024457170844971,0.5144736995798627,0.8549852640713336,0.9880786075179651,0.6985252575599982
0.0,0.6770604901355011,0.6958663187251805,0.6160432251968226,0.7351444034390485,0.8673039582624543,0.6955788946442025,0.7118436017583754,0.5657236950099447,0.6158240834628761,0.5837911104303316,0.8289301971488977,0.5553752861355191,0.6706167352231972,0.6777925158898339,0.9633748904862871,0.5379409102866561,0.6880863437342017,0.5457689184541812,0.5461330237164217,0.6378411536540435,0.5388094214156566,0.5711210880098271,0.549612578999691,0.6938282051238821,0.9589508373247233,0.8253527705643893,0.6561883739709289,0.5066648384171409,0.8745578621970591,0.679397153596275
0.0,0.5098449468187214,0.5421555312117636,0.7332448046041946,0.6793390732528525,0.566613685612865,0.6181484354213943,0.8919519383903619,0.6656712077085747,0.6665711045978595,0.4999065079406035,0.5942166858783158,0.5931915589727007,0.6630401720415612,0.7882949048064041,0.606496590785246,0.7661580599330262,0.8345242172938245,0.5473429688606408,0.5511724163501727,0.5479007686608026,0.7851562061012113,0.8940362417536133,0.7864446213584844,0.7430827711654548,0.6461453206541253,0.6532139863816954,0.8774113683977176,0.7142448854227753,0.6995002807054211,0.7120490713300991
0.0,0.6951144285227842,0.7323210540566162,0.5967577150177278,0.9950318340509606,0.7031771440689814,0.8243844156474998,0.7569416321484208,0.4875745024715836,0.769750501866132,0.6167614464835033,0.8260787934874155,0.8913604248920032,0.7449583248687117,0.7326596773055577,0.7447433162291712,0.7182714630400139,0.6865403512246867,0.6980822306944613,0.7167811240362567,0.6582482246223393,0.7024185099505261,0.5386540598314647,0.44187971641484197,0.6127055940307984,0.6794544555327149,0.5962341778651087,0.579170448882648,0.7761018266798331,0.6733206307359942,0.7122306357455566
0.0,0.6993401405623815,0.6613475268157806,0.6967741364181534,0.8415879573798899,0.7935367080491318,0.6512921809620936,0.49976260402394723,0.6428067147146788,0.7471342661127035,0.5004355073212956,0.6047684288670723,0.6800795250377996,0.5262573500906145,0.4922033070768963,0.6053455163185644,0.6784513507328513,0.5927124896558147,0.6477897031611486,0.734829883833009,0.6802123626483902,0.8538177356072155,0.8343160348533349,0.8996591489116387,0.6629877878856353,0.585215912219018,0.8114755285093136,0.7110387829724097,0.7099696791439172,0.7519416757913889,0.8337998399938551
0.0,0.6964753751481332,0.6797736268719416,0.6092078506047911,0.6204651436722026,0.6597640738374998,0.5726550096661746,0.6349210404767833,0.609127238250012,0.694507929922819,0.6672460873162217,0.4813255638172977,0.6189173432032143,0.5518190829591035,0.6189701874548662,0.8414202506799983,0.5562243422124834,0.6206624244617075,0.6146249145896573,0.6487548748797024,0.6188150158699081,0.4490963859949947,0.7113319180217892,0.6703776897083827,0.6409272083342582,0.8207856790756173,0.46531707363171365,0.9136352893453024,0.5846484609651168,0.5618099539537252,0.5401804195006797
0.0,0.7959643838038342,0.6834411515267912,0.6457771193759652,0.7071001482632144,0.7717850341672505,0.8785622567415091,0.8480237208832544,0.7983239458672126,0.5491045848600971,0.7189071653364654,0.6274219438392951,0.6208882119025434,0.7598828665451921,0.5255144006686603,0.7454471381745068,0.608957720810511,0.5562549245511135,0.5930051636112986,0.8277279660388523,0.5243000970547426,0.7424469924750514,0.7144517389504274,0.6816121965940248,0.5138593064364811,0.5976820554920792,0.9426295831615933,0.5957197818348555,0.5764468237049382,0.691062373753632,0.6058421866486123
0.0,0.6780976055796865,0.6808508493921273,0.9164706112682801,0.7510722845073576,0.6840239749340262,0.7800740383524948,0.807939638027536,0.6604369281762165,0.579055368128351,0.6393247692439741,0.6960109172064878,0.7322404477747666,0.6422083646079014,0.5830888398469318,0.6978074124579539,0.8512383362882598,0.7642918616987936,0.7868102340040342,0.6493595494397097,0.622690559784234,0.6463172002711856,0.5479687242866651,0.36308302680602295,0.7045638161223816,0.9265342753489815,0.8472028669613294,0.5280120092156987,0.5849620379801791,0.6976902496928999,0.7066058030872677
0.0,0.6804606032705669,0.6873616464296387,0.7205243072358362,0.7457736267549508,0.5726978949417876,0.5809225411993877,0.6244636120763033,0.6580938247265462,0.8171939776161459,0.814898993988828,0.6767121555278414,0.5043267980937749,0.5048539915363807,0.7813854394089152,0.8420548696910948,0.5740574719422168,0.765976173009033,0.710881334276009,0.6137540705821207,0.6503662768109575,0.6972095480626391,0.7716737473234465,0.7373359821264114,0.5644838834733018,0.5306848047558516,0.5936906922651625,0.6349957913162502,0.6979645849475186,0.6918919199937665,0.6749735859442488
0.0,0.7047011337475338,0.6229575559601661,0.460653530891659,0.5856667716016557,0.7253155656805019,0.6841938075600869,0.7281465896097715,0.7308270870369404,0.6799237575762915,0.5204051271104189,0.7088733219151798,0.6578689288481274,0.5342780678315382,0.684998262112373,0.7382022245827728,0.5675221242118831,0.6409433969798587,0.7157313919964924,0.5959871184510573,0.8090087702942622,0.8069570765839317,0.6852557604424466,0.5438200285466825,0.686906024102488,0.8021868261843484,0.8587558919429603,0.6465950040162117,0.6907942382752109,0.8242613883167206,0.6329569597055166
0.0,0.680648171380882,0.5339513271003095,0.5843261133145898,0.6909863086078206,0.7077066271700899,0.5181186089134402,0.6157297595394189,0.729832204494373,0.6397002094690208,0.5593488910021042,0.4667394071971639,0.575439880271667,0.6787336678356546,0.610778938641007,0.6750447273268595,0.6580154805772261,0.8644333361906057,0.7178375228494588,0.6634683373666971,0.783714424285551,0.7062667903248351,0.7406512728555443,0.66703890831328,0.5348266045624029,0.48383003051732143,0.8406372777502074,0.6867910756651283,0.5360514297321588,0.5649846260286472,0.7133198399511956
0.0,0.6223253493748588,0.6389159778900599,0.8779420427190797,0.7687315141430432,0.7947752817985527,0.9665148145820253,0.8134899733858185,0.6916863919502694,1.0095466122831758,0.6824982978964664,0.6447955644583303,0.7250708234161282,0.7302942399967928,0.6864899284193969,1.0187812087280455,0.7165476220535069,0.6326955480178769,0.6041173429010718,0.6464962116571806,0.586927929990161,0.8207066820005989,0.6887925473707183,0.8113125107398131,0.4939927096784626,0.5580977739670551,0.5531460537838594,0.4960330280277546,0.7196750322598999,0.6948634915880542,0.7421432557533783
0.22222,0.6197759626448271,0.7275234127704192,0.9183484836802538,0.8746049898565866,0.9926679597926313,1.218934325260214,0.8045799607350963,0.7411214281454849,0.9564837904071491,0.8207731932830368,0.8916734778733523,0.6805234396754942,0.7881253401554267,0.7832004754662395,0.9868895983793193,0.7119296090504456,0.7530700801702723,0.7116055408902482,0.9456819672210123,0.8706967554405599,0.8089393220506785,0.5902691139433004,0.8336887743647929,0.8951634603183872,0.828507985855605,0.7042051801246775,0.7912232749821706,0.8102186861426808,0.7454246030174964,0.7447263878789151
0.22222,1.2282422997975715,0.9293852817771513,0.7372130311814812,0.7359990515340719,0.6658581678303925,1.073000895838392,1.2269350085417885,0.8827441776769573,0.9131775309249589,0.8207923614377756,0.6955464847751942,0.8374790241012259,1.2536758637894871,1.1501944243925504,0.9241420157940602,0.73505250403681,0.8497652190411787,1.193196114207769,0.9038446348851487,0.8306042241806342,0.9944216860308984,0.788714375884286,0.9295881412592806,1.0570416204451798,0.771044635341958,0.5887188132905699,0.664071303624575,0.79351244772344,0.7577569092692317,0.9664955070035429
0.22222,1.1746727382317101,0.9672210844792001,0.8083045047236175,0.8782225502303518,1.0226981784936309,0.7760739033694637,0.838088889099302,0.7822412254480048,0.8091622548328684,1.0341224866590173,0.8510351969173737,0.8051562269016326,0.8381771348465629,0.8611460219075432,0.9479739391976599,0.7880363084991888,0.8754149850605822,0.8303739259835051,0.8175642274006522,0.8893698332526426,0.9577089233453765,0.9448773149920912,0.8496464422142647,0.8616061517609643,1.0004265252642732,0.9426558647591151,0.9441683698122876,0.7295801873038035,0.7912993921902997,0.9116147156350494
0.22222,0.7677965782704119,1.0298587180176322,0.949293994474207,0.9609220646389901,1.0079694270567652,0.7523497712070732,0.7375790922524332,1.096618126689975,0.8756631005226698,0.8111598867633044,0.8212466417763067,0.8083459646175973,0.975970008192094,0.8463356709337382,0.8198750352632049,0.7873080658841343,0.9841228682443187,0.9116344160631266,0.7038452339771701,0.9012580801653609,1.1064327645055496,1.2223138204621358,0.7019983814187947,0.8877152322608207,0.8144039777450922,0.7276453436831171,0.6644047476277871,0.7144189551228166,0.8506644344732155,0.7696117878769975
0.22222,0.8036141441191955,0.8268204960267213,1.0838859725885566,0.8494959498682293,1.0001330732897529,0.8298518389429156,1.179726730383199,0.8315888883856658,0.9038267186295622,1.2175479077988434,0.9749869115590858,0.8161251267170582,0.8281527269278046,0.833231712750819,0.7904655865429394,0.8810208050284749,0.9690962375090943,1.0691542623143542,0.868735506064201,0.8673830723328653,0.8123315625999333,1.1008687835728146,0.8131086271691951,0.8359667191837454,1.0050873182752706,0.7960037877732349,0.8856280247892572,0.8230010486127436,0.7210294110623824,0.8289244308205492
0.22222,0.8982417396140436,1.051053246967893,1.06064036075748,0.9302304310953962,0.6992800877566677,0.78895634619198,0.6828870485418594,0.8822614161409682,1.2531025368916244,0.8108608304714687,0.8623944658755314,0.8824713770809999,0.6571290321186206,0.9633926012229546,0.9737961062947426,1.0014522522393892,0.6551426104819802,0.7223759598751388,0.7959144328236455,0.7879084205238889,0.828245236339525,0.7362074691001648,0.8617258660472092,0.9070438889191703,0.9513836812232,0.5800077300031302,0.6227395344114007,0.7649175393438917,0.7384153421912744,0.7582427551518071
0.22222,0.6956829588042488,1.037417169488004,0.9003345072966755,0.8497291062400649,1.0222739953050615,1.323793994459673,0.863001946530365,0.8569142698265261,1.0074908143968337,0.819032520215296,0.8262259979017929,0.8980115404197592,0.9375338014817973,0.9558646390434165,0.7223853744994783,0.771374980962758,0.7928809891467208,0.7435993407134839,0.8125212284767879,0.7999946090608202,0.719801861359515,0.6857894733507065,0.8791490065437055,0.7963177708341913,0.8136459388197318,0.672361603111385,0.90484647282483,0.684044686932885,0.6935793525953051,0.7974905776298532
0.22222,0.8387127108272644,0.7078362130349384,0.7022604919461128,0.8581937777448171,0.7973994276199038,0.4786481727562841,0.8485792960180204,0.8679048611761045,0.8678818359360898,0.8694724265862049,0.8069765250032075,1.0019239474471795,0.803008540071551,0.8264947854568409,0.8027410119227213,1.149315126423406,0.8342568020132144,0.7189687210041112,0.9871761773362095,0.773464250595267,0.9201727202164076,0.6910725041697751,0.8852624918620702,1.0871006084589194,0.8865373372859221,0.9359518065837343,0.7569654526964937,0.5799140749183168,0.8883112712705199,0.7950576974216995
0.22222,0.6151699798643054,0.8980695990077108,0.8762467073132817,0.8157766767249516,0.7815936916529821,0.7627573935303709,0.8329595107818613,0.9200589432880676,0.793879549081751,0.9284264859878439,0.9577696639880205,0.8848139456769265,0.8431484375174905,0.9322495212369873,0.7463960781308475,0.814195777751289,0.9187856959908889,1.0000388844649333,0.953046329757611,0.6950643901677687,0.6402577158869582,0.8445686411412412,0.9765985633363057,0.7743034265431603,0.7340707832594685,0.6782788054737541,0.9601369892900614,0.904864048168674,0.8914937496437454,0.7972594199965164
0.22222,0.6127839417923334,0.7238037075201061,0.9554051633978811,0.9484390091646233,0.7011868247309677,1.1922937027110874,0.8130478123716258,0.8890400222082052,0.8278349291968404,1.034288841742533,0.8870075272516151,0.847968571385094,0.8269245505243873,0.7870151146025537,0.8312894918181806,0.7586734933306974,0.5587532747084226,0.9506433821929422,0.6711497350414868,0.73065829371628,0.6636202432895421,0.8847436428215276,0.7386887960511859,0.8439193130827282,0.753963128687497,0.7500544033785331,0.7349723689004808,0.8470550769158501,0.7005943573271162,0.7560998360525271
0.22222,0.7339065575775131,0.7060327639899365,0.8947510417258201,0.7573152304753608,0.6985121729871769,0.7126147273526423,0.7370855976607115,0.6809772319396231,0.7927470477215587,1.0857054446763372,0.9637738071848779,0.8927387052235572,0.7700181088899457,0.6987689794332135,0.7580363452978094,0.7428587726328831,1.1900181613126528,0.7207624168400697,0.7065048344756176,0.7775792719181119,1.019415588589298,0.858779806929715,0.9850822065693771,0.8096196619195749,0.8020769385644653,0.6731254825015419,1.042124594796727,0.832158859176072,0.6980033308821496,0.8092251411676622
0.22222,0.5871686772731148,0.8046094805135179,0.848040816014466,0.9267001750273721,0.9502160345228912,0.9157438703899282,1.0574995850845366,1.0079504569068667,0.8766352717831036,0.7108336089622032,0.9117051781623525,0.7804663420002208,0.9119962130575965,1.2364107104248419,0.9957905662161928,0.9254937716425125,0.7819901512561972,1.0792756448987482,1.0728208461341098,0.8669580342429345,0.9407931229847888,0.8246069435511183,0.96947456785546,1.2436231926335575,0.8251187782277868,0.899702106235515,0.7087567515032578,0.7197313810969721,0.8938702800477385,0.8126441084400334
0.22222,1.0596552098897298,1.143497126662807,0.9889077263939295,0.7584799309194888,0.8887693309630423,0.8359204100889678,0.7231083306561247,0.7358817780483773,0.9209916273927892,0.6633286991174715,0.827058154523311,0.7650808749716689,0.8038129426169102,0.8303180542233856,0.9033363065779005,0.7605654429475041,0.6882643190398798,1.0132574740648341,0.9681413217897752,0.9842439694973578,0.7456940176956748,0.7443818640854432,0.7853896166071185,0.8038698683182935,0.784000869394383,0.8023427867978881,0.6581515233600883,0.7900515512054649,0.8251861834994285,0.9069986821137556
0.22222,0.8122721562644201,1.0266853579030986,0.8110388270762555,1.074215544929546,0.7126736691426327,1.0579452460867802,0.8451059059234252,0.8536395307109882,0.8839838929611876,0.9685211267952782,0.6987820542773963,1.02301183672865,0.8383809600645619,0.9294427763569566,0.8963856154579752,0.9244859726344833,0.6956305036304125,0.758934864360443,0.766256992127872,0.6841456582291271,0.7418462614015459,0.7365252162702524,0.84179141076888,0.6147191713312411,0.7118059543097115,0.9698381460510139,0.683716573530324,0.9014393774172348,0.5914693464519211,0.5533073175265213
0.22222,0.7004701806442482,0.7651335229461859,0.952752162729354,0.7389982461999208,0.8581011894484525,1.1912416557833156,0.8211152628605216,0.5552094930197,0.7940930980744774,0.5975855647057995,0.7431747830833313,0.7004927431212691,1.0846061537155414,0.9267182730289626,1.0074381093699332,0.8024972749629685,0.9023297748135648,0.7624147636422496,0.8031199854343385,1.0678472136298272,1.1744069571734574,0.9152171252278991,0.9000471319191937,1.2004604863867585,0.8029254039876623,1.0473863638312797,0.8960176112840326,0.8981880011929664,0.9589701322971775,0.9981803021079153
0.22222,0.906995454059648,1.0234700710894231,0.7511895033161383,0.7145191717136766,0.7670156042065553,0.9780319708336561,0.7406623932191589,1.0223922929535343,0.7787293772280723,0.8475247420949293,0.5667209379481958,0.9361200643613763,0.8011101228402834,0.6572088522860645,0.8136049049195301,0.8505072845275611,1.2961461544807589,0.8118486293426823,0.7792923869304936,0.6686819604687229,0.8189517510338081,0.7620731003716747,0.8264239420597479,0.723887463005016,0.9352538157016346,1.2120184390946276,1.0031999945651904,0.6767397450626551,0.7746351337167293,0.9864331998446662
0.22222,0.9296971067123042,0.9146401745764222,0.9885679666556954,0.9146477272244758,0.9273878568814499,0.7960026104326792,0.7690421396561635,1.0706741470729302,0.929339673218567,0.9310311773760879,0.7903845777138148,0.7619603350134557,0.686316815190242,0.7585934507644339,0.7812104575318617,0.8231159009451507,0.5755970676696165,0.7113845012366713,0.76278078148972,0.9799931983090395,0.9728644993404376,0.8333103352970905,0.907496916517533,0.6153707611753954,0.8769298273344212,1.0966589826611364,0.8141585274434215,0.8611295833894029,0.7082151372937033,1.1556076939483042
0.22222,0.531027165366046,0.7305270642575306,0.7369115995210592,0.8569221781632929,0.757677579505242,0.7330773538360561,0.9671049177044783,0.9045741583636115,0.6992092933676074,0.6121952354708753,0.7491348063290985,0.9712999743904487,0.7823965055399723,0.93543535977706,0.8822677998158752,0.7625058730442729,0.5934077548288658,0.948228671411786,0.8923870688935779,0.8394389376539839,0.8070348302564713,0.9583438355037933,0.6887132752824001,0.7583996770725842,0.8269249759049803,0.7599285049252975,0.7932133149790921,0.6764587646006436,0.6594183200681711,0.7741011871302269
0.22222,0.6854319612739822,0.9172343385245482,0.7695927572059078,0.8014690648210642,0.6092480081147355,0.838841228512291,0.8460901397958137,0.9059552188144114,0.7587898757547321,0.8380919847187656,0.7400569619043821,0.9590604064774261,0.9341718285024964,0.9618208433999145,0.7410122064702858,1.0106649689867988,0.8023762847348443,0.670206775122587,0.8036423972340078,0.7825516123827074,0.8715325306979228,0.8822420113702787,0.8264732368624413,0.7561977826057956,0.9901926890993357,0.9577054247426158,0.9803890607282018,0.8400425528726395,1.17908399736727,0.7845652319340567
0.22222,0.6356131772447371,0.6996972022155122,0.8417059387177972,0.7654100427382388,0.6449585112073806,0.7318372001346067,0.6924561259110659,0.7621933099999645,0.6564107805274842,0.7660342353741938,0.9421123640079786,1.032093300261714,0.8331963460490608,0.7794218032473939,1.1380207668507403,0.7818474108938492,0.7412637727066228,0.6669138534314075,0.8259187454947806,0.8291673975464569,0.9905511547994752,0.8468953306809042,0.9487346819784487,1.0743818693347917,0.7737659081422714,0.8169142312099478,1.028054026082047,0.7725230848444585,0.791944476559436,0.9175988210259658
0.22222,0.7373269346831842,0.6498908352445909,0.6122099001072404,0.6617807603434539,0.6726152874150579,0.6826007328810235,0.7058397974747538,0.7948222673936882,0.7704359892260298,0.9118457320133377,0.7603053709778224,0.8123681729185499,0.9940847426415942,0.8093890199848348,0.712223425479769,0.9891158684645472,0.7621730214948338,0.6294468773024975,0.6236629352866406,0.976314989412977,0.9197034774899622,0.8498800564702677,0.931519742192234,0.7719487651099733,0.8463237790457631,0.854297662027098,0.9124406793633206,0.8661892882602527,0.6664269997372829,0.795287661798819
0.22222,0.7949100543186711,0.7912263111113775,0.713204754163251,0.6891386588108126,0.9670910524208818,0.8773321615158989,0.903313722010849,0.8319868825273347,0.7146904218993074,0.8393210530552349,0.8316460122855115,0.9633733349723546,0.7258242952052557,0.9998193331291115,0.7444641710185507,0.680867656353266,0.794900528857141,0.7432185440652073,0.7933679243060819,0.7884392289559754,0.6773520993432652,0.46899294015990495,0.8461876862374947,0.8068417036801581,0.8618254863859515,0.8377184978638976,0.9647187726521242,0.8155313078088595,0.7503204865871614,0.9043620452243802
0.22222,0.7937996459947003,0.7873101089292481,0.8874181511406287,0.7844984192858414,0.8074965399875209,0.8652392393481063,0.8017896230556435,1.0363888958086067,0.8623445169853736,0.8002237681205455,0.7826481800543313,0.7257779459618352,0.6824776152365063,0.8566570576159759,0.8678071646591786,0.7482117773544743,0.7992571910997548,0.8581129901758843,0.8570386076325712,0.8203094038634043,0.8965798154334549,0.9474653956801412,1.2416248270521628,0.7855755024640412,0.6614739273371829,0.8666467216658917,0.9386129679366517,0.7358525184415047,0.9378831282849193,0.7800682470846533
0.22222,0.7463888370191272,0.839830766182097,0.7977397964732398,0.7525286951776425,0.9735431648245777,0.8542758060217702,0.7674786541448358,0.9545786347463086,0.6935836459962583,0.6524832969455934,0.8277193357115962,0.8526104834806357,0.8389502287209883,1.0066573019747582,0.7404466108876497,0.7145139215549885,0.7941733040919056,0.8149639645836699,0.9118908456432333,0.9582826958810226,0.806661378460701,0.7755304339785287,0.8750898675056862,0.9080930062709365,0.7760756898803376,0.9303359104248751,0.9012715767312964,0.9053962876984443,0.7277538110831302,0.6975969749499635
0.22222,0.5996421074193622,0.8591352382731343,0.8083811482399981,0.6367147794047324,0.8280683967790017,0.9907840553097098,0.7210558463079135,0.8716385564183637,1.150661162274955,0.9706584900334132,0.72384663762457,0.7834403877304251,0.640603311244132,0.5908124057474419,0.8102296976183314,0.8614143696694518,0.8503253826723788,0.8393222985997943,0.8490416661335688,0.901661062555157,0.7623750050272383,0.8344729260035784,0.820296631767519,1.047492217968749,1.0281099672279659,0.8270839962571418,0.6058603675169686,0.728812115169409,0.8794415137538758,0.7575889095172096
0.22222,0.7418377537047091,0.8005718671024203,0.8904710542297603,0.8459749900337559,1.0116618478642623,0.8665564954169159,0.6510268296926205,1.1729828152771247,0.8279324889478789,0.7793415893110853,0.7168901166969346,0.9054056431329524,0.8149672824690477,0.8390341436942217,0.9430435477535214,1.039310626213686,0.9486976448922928,0.9201537818012775,0.7656176764355562,0.7825206998692565,0.9473914622747996,0.8580445475818792,0.7630781303836642,1.0858861246451927,0.9850623722300428,1.0935072805611858,1.0603753284025665,0.668897471749214,0.9444412883539337,0.8142123965617356
0.22222,0.7058149650909158,0.5331131567111937,1.0644721987600632,0.748193064088151,0.5869913111670686,0.7561096812868336,0.7854207470157388,0.7229246261965718,0.8395031656400886,0.8465951950481215,0.8410685165399566,0.9198133254827047,0.8308176656833666,0.8611573912483934,0.8002342625138856,0.735782665983403,0.6082765797395723,0.8823316486895701,0.8921343341994339,1.2444788011256387,1.2608729140584696,0.8779882398347062,0.7679022663410751,0.7378102819789021,0.7082576498630844,0.6208107623943072,1.0946865059878075,1.1395199225855488,0.8701503723437346,0.5572330678178417
0.22222,0.8279482615737237,0.9852671916231192,0.8004187343120878,0.6965661699191877,0.7493730490194533,0.8903717032016888,0.8547048823938473,0.921362409169393,0.6930484357237242,0.884191622231172,0.8151238294093859,0.7457664091397495,0.7589395029995736,0.8380946875607485,0.9800808870209253,0.8361382110177039,0.7493845995448055,0.7315470484122247,0.7658453572356513,0.9083229743972386,0.913212512785435,0.7328151905246432,0.8320243345244699,0.6831021191527317,0.7772109038019137,0.6628334131483982,0.719511823928057,0.774085833013461,0.8916520573213681,0.8999550672670441
0.44444,0.872361462317937,0.8506034897447182,1.086116956173604,1.0892832619352604,1.0888351850179703,0.9618542037290599,0.9570643129416404,0.7937405240408972,1.0978469333528178,1.002844859067066,0.6308204313923584,1.108906202237297,0.9796485541364488,0.8163671972196433,0.6327269663922489,0.7706245176241323,1.3060157049167382,1.1612655139080215,1.2783182484295923,1.096502832757439,0.719715892384063,0.9510415011030048,1.121827759624128,0.909250625515934,1.0153034752578518,1.1804023906417056,0.8747534903583891,0.987194973426848,1.2789492951673862,0.9493845024024875
0.44444,0.9712179621974042,0.9148640630516959,1.1244172206511853,0.9904049536792959,0.9539732325347607,0.976129237054348,0.9502510111671484,0.877697812794922,1.0333080876402623,1.2178162862885558,1.0006845570131693,1.0961231363851496,1.0449253103550507,1.0238349957610482,0.8491367956700843,0.9152635927247098,1.0367892655456439,1.1602450169507847,1.287441019052096,0.9283736564207609,0.7754860543808787,0.9721651752194241,1.0656913761726337,1.1971988162097116,1.0973160902888819,0.9932017190813983,1.142660703535089,1.0225965665804773,0.9160726691303626,0.8115743644463219
0.44444,1.0620152399045726,1.1577250581935368,1.1089123723543084,1.069053042704367,1.0518671372772412,0.8579499873618723,0.8324849589386802,0.8303663955070645,1.2037753405430949,1.1751545362167304,0.5436499218179872,0.8732757766274383,0.9201318004384375,0.9940026692504738,0.9029548467012761,1.1222966972133364,1.1772755712899787,1.029645352607949,1.0864290526574905,0.8678281945011214,1.0691343209090163,1.0125630880595662,0.7026670811941904,1.038548312860046,1.2251114926541402,1.0239764945806304,0.781247179720886,1.0240159458970657,1.2103408343652646,1.140825265979085
0.44444,0.7596883339237479,0.869232392027077,0.7615310277944252,1.0584709751308587,1.2403617589055227,1.0632176814467165,1.1090382286532043,1.0500604367156896,1.1151458577308226,0.921342334768001,0.9289783921127922,0.9493158955970591,0.9454974025645766,1.0830903055901095,0.8414062593191552,0.6471097522520051,0.828182410094771,1.013126639529099,0.7917965319458465,0.7809704159710107,0.9770566294347203,1.1326426230762847,0.8882238878399842,0.6920961736076517,0.8267756599854841,0.9882987624588174,1.1526120468037213,0.979160173988731,0.9598720460432243,0.9218647827469983
0.44444,1.1478534319370595,1.3269354387380639,1.3214301186418491,0.813749929170525,0.8843975687064219,0.8959614888476313,0.967182538715291,1.100802839064946,0.9028737581012563,0.7482841046366706,0.9591963797627372,0.9350165931557477,0.96035839762389,0.9892366568278854,0.8818441088255393,0.8684128534664692,0.783565999390026,0.86181241126631,1.0358552542462323,1.256596166624026,1.0466589118213665,1.2590061492380316,0.8731685173384428,1.027515292656983,0.6161081912262502,0.8488206076764447,0.8414513836630999,1.3745079322842908,1.0522447990952764,1.2608404700783444
0.44444,0.9793794017807363,0.855189444005516,1.1093153459682654,1.0815224213227561,1.0220892332455396,0.904612187838753,0.6808351342888889,0.8900900376053249,1.3662475430239682,1.0140865832338575,0.9318573201614865,1.0622740044112877,1.0472590583774557,1.2237759913621293,1.2124688720726233,1.1402486625935888,0.9366131520449711,0.7786150274510079,1.0002899691912448,0.8703528265101227,0.9956724552342054,0.9632625436087136,0.8094614434696956,1.0646952481501224,1.0703811087856798,1.1815211784622648,1.055128380066901,1.078061635777357,1.1954172645037409,0.8583332262297098
0.44444,1.0810086809985378,0.9777165129766896,0.8239125833057869,0.8676382851741447,0.807887316828859,1.0174503201082712,0.901395135470809,0.7795630038313156,0.9899450892593555,1.1147509874933856,0.9118217123146598,0.8661685158772349,0.7732100357862052,0.9115498996668416,1.035857296364411,0.8907310362095601,0.9886817701579717,0.9295354549083154,0.9019690945412786,0.901517401319545,0.924562611805036,1.2508487260169308,0.8057910352265423,0.9595464538073227,1.1877620519532632,1.1639642048217245,1.0436561365738144,1.009622087540838,0.9628391314606567,0.9996237563355908
0.44444,0.8514291120254671,0.8503490221846147,0.841983479575536,0.8496133572003827,0.9384436516929499,0.8958737135120449,0.9579443825156079,0.823357651628148,0.822228183182189,1.1061809336333972,1.0561641239797954,0.90660299251287,0.8839877324061425,0.9453794492480976,1.3308744180676733,1.267964374507436,1.0182755338370628,1.010702500064474,0.8720949830728929,0.9679441795556177,1.0823643803201892,0.8990361539371482,1.0858866105271663,0.9845874640343744,0.8179336048038613,0.9029431713190427,1.227377681429857,0.7363592132658799,0.8999023846995697,0.8237493016499023
0.44444,0.8855204760542983,0.8606445878188401,0.9897021911618862,0.8151871225593064,0.8374147957819278,0.8261285417165279,0.9743169231188553,1.2278351518600323,1.301678535313112,0.9366838632556196,0.8651461822173631,1.0529892197883985,0.7286059371083442,1.0033267411231233,0.726264239391183,0.9646459490435013,1.1134896026777614,0.964690159008726,0.6915386763941174,0.874958158506733,0.765800712977063,0.973161198869751,1.2354884567084532,1.0052515706355896,0.7713960013921268,0.9237352832890147,1.1248151268750608,0.9005409468185703,1.1403108956607064,0.8798289683180462
0.44444,1.0142138220611199,1.0050355054207059,0.9026807388249921,1.162103544325495,1.0849570459666342,1.116932363751144,0.912094758717844,1.1818036620535337,0.9481862238620786,0.9080511186660104,0.8087067009272032,0.7931252286698909,0.9006981204244874,0.7918315891986597,0.8932076690116053,0.8764412064078229,1.0443796183149299,0.8408546676241536,1.09276954645494,1.1001307016530533,1.1370484565552694,0.8885686128478221,0.9680693919429414,0.852706706081891,0.7689853539375036,0.9304572349084171,1.0240116970545925,0.793218664287829,0.8550494426067433,1.1272874553160774
0.44444,1.0651930143267223,1.222459281590388,1.0034148538650631,1.2641210465896713,0.9059360620220118,1.0442119461169077,0.8084207927360177,0.9089156733427075,1.1596200388519418,0.920913238781343,1.2393990782662152,0.8832780487589932,0.9389587358900681,0.7302474448600028,0.9965522535152133,0.9072743406912492,0.9638363263555859,1.0875229871798888,0.8722096127571785,0.9000618298651225,1.5821602222861817,0.7614734388813913,0.8495165467341871,1.0224905579297765,0.9418923331285083,0.8900120087770526,0.8997289052839199,0.8720807969164827,1.1743522994898943,1.3496924287875378
0.44444,1.1152444775439803,1.133859607322359,1.0223138567198577,0.8215988974227902,1.4028017008717057,0.9404196184505123,1.0507079856864554,0.931870267326964,1.0781482087980483,0.8853953898129876,0.9622370124866472,1.0435080256421232,1.1398627055580546,1.1686338311403288,1.0762184119688383,0.910758356034975,0.7675212218739652,0.8227730405266276,0.9529744030384034,1.162440731093144,1.6043283892348377,1.0077880225150906,0.9169703120671632,0.8366883830537853,0.9692684558584876,1.0009936128709447,0.9237186847208658,0.9239633272902937,0.8998092673601628,0.9672691829869502
0.44444,1.0318563782976382,1.0102861625546504,1.1031045214479223,1.0160471472460724,1.0207922315574267,0.9570759123260649,0.8211709659979799,0.8711376997172738,1.1630003362325014,0.9244307550313936,1.2208917971579794,1.045205227079008,0.8695322593520425,1.006179078655838,1.1765842369525135,1.0077363859074266,0.9753868273693395,0.6237137083044485,1.2370884092756502,0.8719947449784958,0.9789184809787772,1.336002679185406,1.2212915147760532,1.2053242248937799,0.8342088461032726,0.833914214889528,0.9876207959437908,1.0556997099748837,1.1925625586028399,1.0286017402709848
0.44444,1.3062946372159492,1.0068542285457778,0.9190365749672134,0.9696089025023069,0.7673808984569204,1.1861222922205483,1.1358123277178895,0.9088169969591062,0.8432795521237401,1.3500971624525793,0.9016812404992731,0.830742390640406,1.413934754344377,1.0675137690449157,1.0545817376169904,1.0974136485627022,1.1702562238672578,0.9136198766182256,1.0712543950246571,1.0256938760573104,0.8811837676710109,0.7724067923455453,0.9758564508083978,0.9592207609499067,0.899638604267171,0.8066990877032753,0.8476728928110449,0.8998087945504025,0.879211280104217,0.8899175678209463
0.44444,0.948576193103459,1.0639281692854599,0.8979014073932736,0.7723909544929645,0.85460554360457,1.1385525117217925,1.2915808572290546,0.9442038989296146,1.1415800262085067,1.2200606082699221,1.0964127035296076,0.8006705520045446,0.8690000890608837,0.8710432653542011,0.9954406005061058,1.0027368101669643,1.0573553414554024,1.1124681479618024,1.1932994700620445,0.9206661874645019,0.9445532022979465,0.9989938212494975,0.9565241968507502,1.0518887097108425,1.1550840272725085,1.1741866006405726,1.1196317294093912,1.0555663321526751,1.0304885770896408,0.8677668463358453
0.44444,1.2590495914924063,0.8887959877974049,0.8974024799780068,0.9058434301236082,1.1948661217737175,1.036021819702417,0.9553250879184555,1.0961271169059623,0.872827127148527,0.9273431532132088,0.8678160100137012,0.8260731532026634,0.8563686906518999,1.044872233033636,1.1850659126662315,0.8771396747365083,0.9002188976035095,0.8760262611828319,1.0826326717440982,0.8004032112956025,0.9355861393714983,0.9982221228600117,0.9747107253249297,0.8516754478716464,0.9861090877248431,1.0411732155491142,0.7874527696520933,0.8703578951161548,1.0312075480557181,0.8469514221759209
0.44444,0.9114466941774734,0.7598293545843053,1.267384991940205,0.7519596438664541,0.9570937136234698,1.0256525206196374,1.4719810947563405,0.8473609121688676,1.1965126245529671,0.7620114680966572,0.7629617408842128,1.051103022723468,0.9704067877221291,0.8197286132791585,0.7898773907120202,0.9240003764417988,1.0778009659313772,0.9056553138540664,0.9032236043991827,0.8202884993625921,1.0102481312408464,0.7617590444961096,0.8917887418374072,0.8719524707981204,0.9176696989182915,0.7179952210756274,1.1155533127982473,1.1024286724872128,1.0059434881815479,1.214428833322234
0.44444,1.0920288666302072,0.9935443085023752,1.1532687325063598,0.9814222448583692,0.8506310913070416,0.8720798453739912,0.726978677837463,1.250536854976652,1.0143232112211293,0.904483378086456,0.8342966198283251,1.2892433909367564,1.0702752209570796,0.9937811761062257,0.9994194712258533,0.9623690846035078,0.9481838143617937,1.1995049432921037,0.6841145377957266,0.8748819649911869,0.9839173312982396,0.8923558605486062,0.8530609651484135,1.1597041139593192,1.2452330816364172,1.0955777169350518,1.1864289145352838,1.0852794126799679,1.3223501017087593,1.2259314109327715
0.44444,0.8799948825458611,1.00013174756816,0.8915358278705283,1.1396899432475964,0.7252629638043735,0.9959071432666332,1.155739482528432,1.0140715303222452,0.9180494923917601,1.0023992818303231,1.2458270233134574,1.12165766254549,1.022829718309492,1.0260659728066168,0.9084958273682257,1.0624033010076497,1.0877381927818444,0.7719051614791117,0.6787686690808667,0.7500062999848348,0.9924782308848381,1.1481457272426216,1.0782672540594442,0.9650907712699229,0.8667633313422182,0.9582159784247088,0.9487026263315868,0.9817249064991412,1.2435736495735494,1.1620691103858265
0.44444,0.9517977809932808,1.0320785441316223,0.9074273655702705,1.2803873179644751,1.123781776459085,1.0593712355588827,0.9494327681737333,0.8453248274129859,0.9133211827609008,0.8747798025163258,0.9258805035379587,0.9928689318710764,1.1580062464607157,1.1177095520827822,1.0542941342705796,0.9703122867680568,1.0662214836937793,0.8804235435441673,0.85186246904407,1.169336814673169,1.0461381938097944,0.9196837837742374,0.7885504984937997,0.7567447322324683,0.833153282362081,0.980779831092276,0.9053853102267234,1.0732280143433415,1.217615154315316,1.1325230725476878
0.44444,0.7265553503891338,1.0712605403075062,1.0042545273609913,0.7939464375421305,0.8016945854574637,0.8040125385792251,0.9491861943227604,0.9890459839083375,0.8211539600704025,0.7344916311142566,0.8118401378384946,1.0462963175083766,0.9464863486890999,1.0523596471722978,1.1188361218748148,1.1496525387053438,1.5161274260622588,0.9098366179386601,0.7873262779852325,1.2240971403408931,0.8503345022888711,1.016234140632977,0.955531349302337,1.0606799743281257,1.0726766462139965,0.8401614248784804,1.12860623490228,1.1089116425710364,0.8381590874055344,1.1836125197443865
0.44444,0.9766410099346892,1.1702436232456188,1.1722521395849066,1.0826912747313802,1.0106752563293746,1.07009285575291,1.1391747602638445,0.7382084094114171,1.019922119995319,0.951775369543759,1.0291343273471871,0.9988204518717351,1.069716802533689,0.9295815366999391,0.9463955079910328,1.2185430364130718,1.2114461038914406,1.2764865864454578,1.2682677533762996,1.3675396550128849,0.8477045960061819,0.9037985750718186,0.8079646182090767,0.6627733010508247,1.163747681619031,1.4158153292339808,0.699900621589495,0.7933071881765206,1.0649449427833326,0.8719757865509927
0.44444,1.264347690162296,0.833030827102532,0.6763181012454129,0.9425075735700286,0.88346120359895,1.2154201014279389,1.2690556731653342,1.0205074793280404,1.0536677152616485,0.9499140767127975,1.018650984790752,1.004170936701305,0.9629136284699165,0.953049399781005,1.3773984725535984,1.1293328605066244,0.9966773495245129,0.973165555875874,0.8983625214563901,0.9738664460453698,0.9361333450230548,1.1060263558941266,1.086909902718766,1.1886291087411005,1.053577296073634,1.0353299437325758,1.5008034083747652,1.0526076032015752,0.8685844666486194,1.0300899100756442
0.44444,0.8572090542206255,1.255640259222212,1.2319497773845578,0.7992961164427339,0.7186017036280612,1.0068690299582737,1.0667601571921765,1.0720252510684236,1.0569833817063845,0.8503630285966524,1.0099552296606171,0.9838514315251693,1.0753641473176692,0.8508957773745298,1.0484524041261023,1.0097919591894005,0.8448202037874321,0.8399543838795842,0.7343190738422577,0.8277991013830318,0.8309700451307666,0.8316880748290971,0.870660568630413,0.9336672805039913,0.7956249852781772,1.253434300109043,0.8617343835362711,1.1695434187233007,1.0367784416445993,0.8085482921476301
0.44444,1.0341085502710405,0.9293204539316204,0.8402827925224248,0.8801993928127323,0.9796558535484505,1.0342472384205286,0.9607216188827729,0.8030546666625986,1.089644485398376,0.8638782458673343,1.006486226382745,1.2033862329723821,0.8743482692746811,0.9416740095409781,1.0657484632259941,1.2335635575126742,0.9128626485244266,0.9020266446247451,1.0306196185594452,0.9617990414706755,0.9532399192721004,1.1124262502413889,1.2168326828053502,1.0352207156851687,0.985404619297071,0.9587083476164496,0.9892540422642948,1.0068426922937106,0.9768248472129277,0.8201367724114048
0.44444,1.1819303311299298,1.0679328908130972,0.9886091245853552,0.9459448108016011,1.0252253502127082,0.8944709635517695,0.9743223243315837,1.0574264628617223,1.033066709221469,0.8158327660990704,0.9551204550952084,1.0338856995107464,0.9575158516155352,0.9250385086744985,1.032722525867938,1.1548034191105805,0.9050918686030176,0.9024150241408663,0.7945871020372661,0.8336315457069675,0.8628161382621902,0.9931649696682687,0.9678249103239429,0.9582533713996293,0.9368170301937662,1.0125420982539763,1.0231391727076249,1.2908979639336386,1.008802278334312,1.0790578343266481
0.44444,1.1446144338995512,1.077726131627257,0.8111906542978382,1.0678800568196196,0.9271718230786129,1.2869776881923045,1.00277612025081,0.8696374995769001,1.0384307670585964,1.0352658212423806,0.9148429727897175,1.011418623449235,0.9288403741873072,1.0045095028223687,1.2016464863563405,0.9340825283986363,1.2645875847667853,0.8472214266586636,1.0756700736044502,1.1910315820193171,0.9253637562921563,0.8736398762588172,0.9484654547220965,1.083822380992549,1.0789741914449829,0.8993530330163206,0.7561780704640259,0.8546142053013946,0.8000601448192836,0.7607855417587723
0.44444,0.8653882214714221,0.8235543792649004,0.8590725349431203,0.8644987199705909,0.988572659562727,1.0046757171991407,1.1567463655598582,0.9372180607107516,1.2947173754972912,1.3842378309164582,0.857716062878991,0.8489447480162182,0.9275477455490911,1.009144459737156,0.9852714428558763,1.1355115475845383,1.0607250937042119,0.8486656293088202,0.8934059109440301,0.9371036218570089,0.9588724632325328,1.0276379140229708,1.1114527750067715,1.2875798880797005,1.244201709827465,1.1992298648940716,1.0682577447066832,1.0910120450871539,0.918109573656702,0.9797798405860448
0.88888,1.3780549907604087,1.2146701520098497,1.5661299384866463,1.5051796907717718,1.7904197591618936,1.457039893078859,1.1035272663258027,1.2175546027982278,1.3139575466233473,1.1938259277809837,1.0910530929277946,1.1632610610960008,1.4908389473923231,1.402326637413997,1.2844714496989729,1.6951719096959585,1.787318290775898,1.8817542744936402,1.1864194629736622,1.623733765219583,1.146809119864826,1.5183108371275211,1.4362875862609825,1.5447003782935114,1.2140706133987582,1.4060346484673976,1.1901074231329667,1.3666032512757762,1.5905035652924573,1.56656428900946
0.88888,1.3293643985519652,1.2974413615920366,1.456711841976294,1.3580949729796319,1.3169576994337355,1.2518191084403294,1.9524602847167358,1.347278662401237,1.4538156188025095,1.2457008976869586,1.4102759267556197,1.2924217538041294,1.5367004351327391,1.9281672917795922,1.4281917836994136,1.1782874760259294,1.593435015200183,1.261300534181377,2.023040410348443,1.2445787983150811,1.3216330010288457,1.4161195757432328,2.0542590901745776,1.5862783797066566,1.522241834779207,1.2655510310566245,1.5809463412495777,1.6159532133429266,1.1917228250016245,1.091088445877114
0.88888,1.8803829140632942,1.4156644095068753,1.285482725462966,1.2705626335451812,1.5411060691326777,1.3363441133757028,2.014314896567263,1.4998316804253253,1.337256551771661,1.12824783991346,1.2802691180479313,1.1161413479639681,1.169135228847538,1.2214150131244126,0.8413578227726626,1.1324506769766867,1.4487422719370395,1.3565694532792696,1.5131496951032857,1.8589906122055868,1.77959044649501,1.5404333138229982,1.281552570736682,1.1237593910575452,1.4910045039617836,1.4708224737780071,1.318215729172395,1.8058077393754528,1.5190972551650834,1.5881892387420455
0.88888,1.4947834209969746,1.357373389462499,1.2599818467564228,1.6604081936090889,1.2691958463941881,1.6511074444327314,2.1494779063343157,1.4869225958324759,1.0030523254076085,1.656011381239227,1.237998286229507,1.135324744679425,1.6906150491373735,1.2137691810485784,1.240717020779093,1.2647462504283755,1.5988036215306412,1.50076472099957,1.9262088811034812,1.5847447244678563,1.7575328547551596,1.9268900964775295,1.6859581936944459,1.649730632025398,1.438272661057533,1.513246572035738,1.2701159309145147,1.5211526983169557,1.2925080000524107,1.4098644305244257
0.88888,1.314873783959488,1.727861457319234,1.823156956493037,1.611985376574824,1.7728393099856163,1.3473676414816504,1.345482613044803,1.3486141217937295,1.551849743740451,1.4171945571574254,1.471722674950169,1.300833449977118,1.5084190987900377,1.4790814961130152,1.368312105611324,1.2390513759511343,1.165538719129138,1.4282002166254126,1.8131529641147615,1.7165796638518938,1.3433299590427297,1.5102447743772136,1.283532688226169,1.6015324573011256,1.4108703555809305,1.1653699911009008,1.1366805630068084,1.1230531612531216,1.6376637649405859,1.4139051962051288
0.88888,1.8757649306712905,1.4086875092554692,1.2091892738369825,1.310761859111365,1.2996688150755165,1.1867996091936182,1.2450130119733471,1.323474975192276,1.236673264031807,1.331223144561286,1.1722271579472126,1.4527841186474766,1.5493932718650607,1.471152470017903,1.3407156806386282,1.9242039115846026,1.7114330431101223,1.5069297111525197,1.3147940988258056,1.4268120939799138,1.8789158983877536,1.9556785098870109,1.9920269929119727,1.5284609556538786,1.5124641874682354,1.2391580553842825,1.2010354869596132,1.4723991696122052,1.2848967374462883,1.4768117924826485
0.88888,1.4447711320560672,1.2629349816138244,1.5112054509213915,1.320012783520617,0.9640674163974986,1.2395808828420876,1.4009452994894094,1.7300159699673383,1.550540808995793,1.6301982211621402,1.6876595121947227,1.1518246613638978,2.0584263005622288,1.5252923658877382,1.4854072876434437,1.4155126280035457,1.4430064045879858,1.1333066640652998,1.4634806304869754,1.5948768820216017,1.7098822777709817,1.3356660012871002,1.4143100244278206,1.2906109925725533,1.074549925136211,1.8327930785698594,1.7224957560412948,1.2002082019095193,1.4019933897508183,1.2869409373499827
0.88888,1.4942155875458287,1.485476264069252,1.3716867459851705,1.570880687289002,1.338511969023278,1.443844517468316,1.3254471783813762,1.5568112118119803,1.5185559981961188,1.129244083424528,1.3279318265527968,1.389893864319262,1.43035764040554,1.331084082342143,1.1196884058099632,1.3506135477602748,1.3051811434844558,1.2965644961207958,1.452605393162865,1.684559452082751,1.631102510040147,1.526594274928332,1.4173305369580145,0.9492343738286566,1.2200228082115352,1.3276769411430591,1.5388292808029298,1.6727648390989553,1.6059586397382475,1.348106312376332
0.88888,1.3523574307203532,1.4217048853833087,1.5261046311571793,1.1855639866668746,1.0488017061488408,1.0045520376347687,1.2297018218487115,1.4734865158158803,1.318101528455371,1.5664920045071276,1.321997455409858,1.5158741465453172,1.437728410607534,1.1405406966537088,1.2230743952555239,1.4926178790223594,1.3968485762474412,0.9922450921530187,1.283404274352876,1.505932536125828,1.125382050821426,1.157678204482755,1.177804704986863,1.092674001743606,1.7303142303906833,1.3796356507277239,1.0792589608891092,1.1611697974841515,1.6954037500935242,1.3248459980803287
0.88888,1.5043457136747929,1.4126084081616148,1.372352299071502,1.4907365039593716,1.3901921458615845,1.498394625735621,1.6659204455356935,1.3323769735574067,1.4334993612758777,1.619004347792626,1.6389796265064542,1.517495718616674,1.500385691005409,1.3214354839786255,1.2099337049942531,1.314513804656768,1.3999795023727346,1.518711099294037,1.1167717840257991,1.02237661587293,1.2314465370200742,1.8732929981009794,1.3102029557788197,1.7255597044428619,1.3638432860796397,1.5654859319947476,1.3443456274793777,1.060512475361222,1.1902770790720456,1.3528880340208131
0.88888,1.6043638499406792,0.986354947470071,1.2250210992397723,1.6031053854146384,1.2738020606771085,1.4100221013622845,1.2249714312294735,1.2483862844423388,1.6231529281394308,1.2374839902929298,1.5638021244743703,1.6293363174690254,1.720954844269225,1.7050198461675188,1.1282225091456437,1.0881916984321778,1.4604458905585276,1.5845888200746194,1.2904971488610821,1.4635135906318513,1.744856338453781,1.3443798315229571,1.3510701733716863,1.469790402404888,1.2729885951380657,1.3669378870807838,1.4712627413074502,1.2277389598068298,1.160304835819801,1.3794753448262744
0.88888,1.5098412781124058,1.6904917004756197,1.6590431436022033,1.6066263575866768,1.6536427672139964,1.4225381695557922,1.647808319505553,1.5483651518219337,1.8068797857277523,1.7619534898949643,1.1097699728575865,0.9034112986554426,1.3423768669743652,1.5397909866219555,1.597196280997857,1.8595443327727774,1.3999121074773087,1.3453905460666526,1.1305425535707927,1.3389407456827482,1.875824621381973,2.0531629101026447,1.4836929679457442,1.2852609487177873,1.321909779723596,1.887109801207791,1.6705039193244664,1.7937141492675357,1.3181727204129374,1.8324504327823954
0.88888,1.2859613592605057,1.2121650515319873,1.3911114791528623,1.3300451719655706,1.3312040455100416,1.0618745289840057,1.1605514036792344,1.2855398020984767,1.813204602412606,1.514430770383656,1.2205905482396957,1.0896430891374673,1.4961055376552985,1.2609314575310127,1.2493524311338675,1.3720705548776906,1.5505647103971396,1.4151190272492669,1.546587304602387,1.197166329782381,1.167527816716244,1.4493653077247424,1.5316807205031582,1.6629999808307092,1.4562414999727524,1.2953559613402548,1.205057944597104,1.4620883799655442,1.3487661403996714,1.607978992194211
0.88888,1.2428103671844581,1.2073901595183483,1.143221956439181,1.9098198801882744,1.5886299109570852,1.3178190362383024,1.310534023391917,1.3400240126568388,1.4087642975383508,1.7160113606088507,1.531696199536533,1.2623283569349175,1.5135004021102858,1.632588161234693,1.5875138971764167,1.4116580623015083,1.3588888132575676,1.4603679043166087,1.3141519122581569,1.1381318797141005,1.5701895968329809,1.1444115198421059,1.2232550752285822,1.4613954363496684,1.4294648952039641,1.2441287657592959,1.5754037998777295,1.6418855509874322,1.5750207915943821,1.784362460581127
0.88888,1.4090821897069226,1.2204747113264134,1.1493472951973007,1.5793452310236398,1.5239712198918298,1.3924693548377067,1.7587684298997688,1.7391493909311897,1.2370955946021445,1.2727641756328423,2.2623943835729965,1.8499620127621221,1.2207129592486574,1.0568401891522727,1.5898829693402057,1.2029857703822577,1.3612967391133932,1.337093570200923,1.449672266242265,1.433413036517239,1.7421838360503765,1.2319730410172147,1.5312786115738182,1.1001735567687725,1.1165145438044348,1.4805808809303043,1.143921099257128,1.595979733347079,1.4851576960358146,1.7605215879189668
0.88888,1.4738095222542789,1.5331717213872638,1.320462720162389,1.7980129039594124,1.5537645906307542,1.7661515602663365,1.2844141397549822,1.518548450386665,1.437351275537564,1.4489263961969097,1.0919348847666386,1.3490833393092974,1.7142523322045395,1.4405504886229632,1.2228340079568394,1.4763059050599765,1.4194038910372,1.5346802377237097,1.267930460024106,1.1342033981551682,1.606940389098165,1.4926074674089211,1.2584665333305496,1.1590143410157971,0.9421349431045946,1.1545029108587435,1.472956066699474,1.6289794903026626,1.530023731156446,1.875106032679876
0.88888,1.294387101031348,1.257060342830681,1.1563361406792139,1.2587966847242784,1.2700001905921492,1.2666881656231548,1.8166730839644156,1.6217200279093105,1.47361179867334,1.4790296895968853,1.4524064156280898,1.5152531008240395,1.5222961219288793,1.2210289259215137,1.3532379378131099,1.101252432847472,1.3965262935362919,1.3837585078034154,1.4848878707197986,1.3106214357301416,1.5625106332502292,1.2831615719931806,1.5526678188813614,1.675560816343963,1.4046118291378638,1.9258276865645534,1.3277542741310489,1.3617658030064936,1.3743511251999114,1.660616237401774
0.88888,1.4735225628504531,1.5606046909813087,1.2499695086559746,1.9225812861202054,1.4771080686908236,2.049486491985671,1.2413822241047698,1.098134809286239,1.2880080603419601,1.2922410320799227,1.440527108226197,1.4137096089407395,1.360252567880879,1.8532005235875877,1.2448819020633242,1.8573452969148325,1.6331313342465776,1.697835993777089,1.5327088915951668,1.1393288883227777,0.9726936132967899,1.1488122828507945,1.4763335015694043,1.3766806151391124,1.3617590847185492,1.4217736166732617,1.0500515415102816,1.1966952206906731,1.186560228015615,1.4987617684291108
0.88888,1.594928789029097,1.884529098642242,1.3452284992501127,1.2336509474521367,1.3408784419983109,2.0211642977164255,1.1532274104545295,1.3250432445207425,1.6340724948981051,1.4053441554829316,1.4503668518750612,1.3937320652733907,1.6119847949184372,1.1452794003984919,1.4121255577045628,1.2458686316320706,1.284530718079924,1.369076311598396,1.4168249981419665,1.783717244264034,1.5097321620816877,1.6533878426182422,1.2956687525240813,1.3566057268087046,1.3326426312497637,1.646586583894579,1.1831977135335288,1.2741381690272875,1.4238970914193259,1.3317134767044394
0.88888,1.2066812045463375,1.508732909435121,1.514907639621476,1.5764632945883221,1.27250506440938,1.6275388469074885,1.3763655615340806,1.6820843869783824,1.3186724933337752,1.3240087941285987,1.197147954591645,1.2263524930082763,1.4607972432324092,1.3587974185296274,1.0590168868508327,1.352181736510202,1.4362984818868665,1.1476552355723613,1.2693571992880142,1.3417190934386891,1.4667315268581365,1.5523637158051298,1.9429319997212693,1.6574216926206269,1.166278228931093,1.2100591962410665,1.4628525879866299,1.5972693191912883,1.3762252887095459,1.6556018315463161
0.88888,1.3408111775689926,1.2805706320072876,1.666240592366812,1.5988670429220184,1.9407710992862883,1.0774715483081567,1.685365092645077,1.3039714124049497,1.2092545022667152,1.459551502358884,1.5300405982927743,1.3920928750240376,1.4964379622662065,1.7875385947250204,2.1412982809749503,1.60191714738498,1.3024227075313615,1.3423953587365627,1.420384776216763,1.8035405811086058,1.296303170888913,1.5342059335750202,1.7617179445904567,1.3092510891588869,1.1838759216385155,1.3033876475700552,1.4589018489862253,1.484121976400474,1.3215652024457465,1.265029998305266
0.88888,1.459488505174453,1.421181272108798,1.4894505444492312,1.3726231901799075,1.1155250803783952,1.3389481102497043,1.3841196769748298,1.398762003032364,1.7473829916364205,1.508824522320341,1.2202382343099547,1.9052656409876396,1.217906086411558,1.7606132825993177,2.103876546872337,1.3759457875605214,1.5951072275089775,1.4719075547773433,1.3536915012488537,1.5577469567448383,1.5909022790335556,1.3627666740178004,1.3702643713692453,1.1738868795202761,1.7706754002834126,2.4032819316807275,1.4469662137144566,1.9039847559543568,1.9283662001047113,1.833092987383734
0.88888,1.8121388575017976,1.661680233983081,1.0859722755529566,1.226611116665861,1.3340140585567737,1.3648419969536103,1.1535610199627597,1.3337264169848022,1.3087292205163714,1.2881465034498862,1.3051525698820508,1.1954979831350152,1.3832913099473696,1.6555710911262365,1.944556420040333,1.4487210811938909,1.5713459894712096,1.9580529141690495,1.5709941645034362,1.2866745501857169,1.5572298290901698,1.1513298996191452,1.1822512139484536,1.3767057551528297,1.614858598844107,1.3471150691552087,1.4609417462596224,1.671613476433793,1.279089099310989,1.3471880065896698
0.88888,1.505470999208759,1.7116133753441487,1.21655818597142,1.4509134815582014,1.7297487004328982,1.091437563486366,1.228078856444185,1.213871623547424,1.1055686426717795,1.2495438241328893,1.3806899210106505,1.3546194818312058,1.5446267537534488,1.4728187342533172,1.9021717035482624,1.6253830063479275,1.2034017524543554,1.2788269250772368,1.3114706995178709,1.3151669315538812,1.344075090841714,1.469799693220255,1.4491067286504526,1.5842223224545002,1.3614126445195749,1.491162004178381,1.2890929324331122,1.8262212090227514,1.5780224374194893,1.502489064695793
0.88888,1.4730986004250262,1.5979077771951604,1.1419394647396715,1.396011057743272,1.527168995822819,1.411174793474441,1.5692626502156637,1.29809888515259,1.2621812397775796,1.1504856664923906,1.4287923047347588,1.423655101827592,1.1694355949628288,0.950227408042785,1.1198313853269075,1.6007713514768591,1.5804777020812846,1.6485139996275944,1.6632709350266255,1.3344914925402236,1.603379516632814,1.65092852048058,1.60761615725472,1.8302370072982648,1.4798504025425847,1.4717370763194362,1.2223481998697896,1.1761366593950247,1.3135459066461885,1.256120674201995
0.88888,2.021743323321597,1.295028529685602,1.1764650706604456,1.5667512160239274,1.3418573253348631,1.5325798052488615,1.2426071279174868,1.1114576069382043,1.7041544503880337,1.2139803001962681,1.4104075272503493,1.1877973583338055,1.8351095416557586,1.2957600769294082,1.214866191863681,1.1333598902232482,1.9012635554429893,1.51806331011015,1.0101983456173482,1.4129700125914386,1.583545329834527,0.9659270879908695,0.9867242991301817,1.301413770554954,1.0656638203739246,0.9818415858426686,1.0242574274041942,1.6695475798851056,2.405027376147346,1.3257822890160251
0.88888,1.1910464448073368,1.083011403213672,1.1520052122780557,1.2714176785365834,1.2758948154455687,1.5856052813420727,1.3290281213807325,1.1667210055605617,1.5153248112778384,1.1528219712442713,1.3422760848928195,1.4630355612962613,1.2293471235648026,1.2949469090520984,1.7687398277327333,1.5716416484143199,1.392804730860859,0.9095689793139141,1.029226466872628,1.0042648167122266,1.3154723055368784,1.3776813582052048,1.4703179308206,1.3863533739078697,1.6344031261017875,1.7948774813167714,1.5015663846214726,1.5824078757401483,1.3298942491752475,1.7293909754088204
0.88888,1.9532479511180838,1.334570626519902,1.378469533989567,1.2845274317495012,1.2677102752700338,1.1479111951452217,1.1693771091644847,1.1448982060822528,1.2956133067949531,1.173516781616263,1.3132903637155948,1.5250805399899132,1.6249735384493005,1.3016814846957527,1.332197238093909,1.6290564451507326,1.2028446091688767,1.7691943311440887,1.3197358128306778,1.3240055379252018,1.2017971258296758,1.3616123153140105,1.5037596724077098,1.6488846888051298,1.6186315348669098,1.5053005396355088,1.0386078069335096,1.2119128264671257,1.3955176456869833,1.2857389580003749
0.66666,1.7102652253596464,1.1901416866581607,1.1845670633535252,1.1518243405924427,0.9379291089487413,0.9512685810286974,1.1390178730029192,1.1629152576442339,1.4629164075881473,1.243774586399795,1.1048593066493138,1.5036771800816564,1.4625533362928889,1.3038859000719412,0.834761180814007,0.9783180595636051,1.1162925938572654,1.655572034305799,1.0878701839447025,1.103543276534177,1.097116656484032,0.8610007321253778,1.3441232252794204,1.6946835233224287,1.1090722688568904,1.0466141686233912,1.3467143877953638,1.0449999911626482,0.9584629733538911,1.4094131607709863
0.66666,1.4414875216197622,1.3265414066822752,1.443071714127837,1.0614631643235897,1.6606631797653841,1.7798297353920078,1.429881503728243,1.0145916712939698,0.9110548933373903,1.3035565522171435,1.3006850155657728,1.290171480449782,0.7567565500285671,1.0785522897612798,1.0309856433548052,1.0544749914493194,1.4261872078257634,1.2850298476751922,1.1704175525373248,0.8984759409884236,1.3385842647678399,1.1077215117429406,1.1284106326905334,1.2198501942627813,1.0949953755818624,1.080474970360498,1.2963572202506055,1.1698896289568799,1.27249451919207,1.5571874410991604
0.66666,1.1229690427805417,1.0880219436320813,1.1743223617952525,1.0988141946318197,1.3990499857656864,1.5032779791541384,1.4423211007976102,1.2324346699346247,0.9716513606088092,1.01612383461216,1.4066395156107911,1.198647642938329,0.9342466224978645,1.2571714729155825,0.9962107593133747,1.0114045350462093,1.4125759070280075,1.1142447577999555,1.2362397731090802,1.147623745154954,1.1241467516618082,1.2436409313044945,1.5773300601541365,1.2719521482639637,0.8410243442786918,1.2252362580449707,0.9877258845230314,1.1063585696621223,1.6223690066247296,1.162913508663988
0.66666,0.8075769464351529,1.093944235819796,0.8384425579656695,0.9400600502968981,1.3023804951297921,0.9933503765141006,0.8709408049359574,1.0694794536021928,1.1769195936096801,1.4723898766069887,1.0552736414490764,1.3473196564837822,1.1924079701485266,0.9535266769985924,1.1514309031298127,1.1414304972131855,1.0996758221318046,0.8825470231949376,1.2682929728540384,1.511918425453663,1.2840109615922874,1.1174921161398501,1.0812250797013807,1.2084448794227438,0.9916589229801757,1.1333928649594827,1.0863088678571207,1.0625261567883266,1.2134783646618108,1.664123127513097
0.66666,1.2694906453063173,1.1901246102768606,1.2108617949478675,1.2353248389558038,1.214482395385378,1.3113921117704619,1.4318590559969382,1.2612521549491291,1.125748713599932,1.139031320008816,1.2454566255001827,1.4528099378386974,1.27598821390413,1.2955627881114555,1.4405782807778598,1.3003557996770743,1.0962948470822076,1.3969664886154523,1.4705981869215266,1.2385275712362542,1.0231088228338108,0.9408700312093852,0.96927463459949,1.1389334223551155,1.2198012980178308,0.920106737504731,1.1974944703378003,0.9878130576681597,0.8796241835747062,1.0881286439475686
0.66666,1.4711467047155742,1.2758696173280164,1.2883445764187726,1.1036766599783767,1.2633227746146791,1.530422234719015,1.1926104647812177,1.1405747279394853,1.1558815115962315,1.085427755685413,1.029309939234906,1.1165634533788666,1.0042827310573867,1.4229224549850912,0.9002917253728069,1.0575622332248937,1.4899367489318995,1.1570263637266818,1.1986709069133439,0.9019737291012794,1.079699604170723,1.143325911799339,1.3573498288007264,1.142485683101382,1.5160217688063788,1.1531553057485056,1.026976617642799,1.0391232106418267,1.0896896587127982,0.9148722099615924
0.66666,1.049095522986764,1.1336019620682982,1.2513339277352404,1.2712525297059358,1.0730227038993418,1.2352430485677026,1.1685157159104764,1.3147357015390908,1.2317168153519147,1.5087396017915742,0.9503788967828714,1.2092744527915646,0.8555379273800934,0.9805623362350528,1.377577586498316,1.0198010996569877,1.1468846070742174,1.1287613661973952,1.1982274076752273,1.287355336372261,1.5619476855475922,1.2401682847252413,1.0536325622545677,0.9100177184850833,1.0532555684868221,1.4987010377064605,1.3600712511340352,1.1807202576145592,0.8156466618063883,1.2735173793099657
0.66666,1.1759999731292732,1.0507829370028139,1.232130165147801,1.1719148777018373,1.5415334720002685,1.426969255771926,1.2234597959165032,1.2379458718052636,1.1210774604442846,1.118708760783474,1.0941300866568011,1.2159730836793556,1.3022948269611752,1.1469018329049034,0.9172376698839367,1.1059460186822616,1.420466524786557,1.4070386948415439,0.7965092661704583,1.1298677534161312,1.071366611488673,1.178005659351863,0.8695730196031929,1.0574562018552272,1.2878313635513203,1.3937112121438873,1.1133346416990653,1.4676429710721877,1.6148350403398253,1.5354164539623887
0.66666,1.1525468024233885,1.240418632054843,1.0941964716668657,1.3147994994155354,1.787410077250784,1.3395032828409115,1.3772337176310083,1.1771243597072008,1.5598066579033343,1.5424366676358459,1.6037192944028296,1.015962188298776,1.5636047475186274,0.9422686246880381,1.2592204657082637,1.2452279223037905,1.1589804609569818,1.0096436390543035,1.1443558965988272,1.273781385733602,1.1405962856897087,1.0671069671396787,0.998760863521331,1.040909092047493,1.2632955806602217,1.1594101475617602,1.082104545063763,1.2514795820452487,1.2129594458896924,1.052631950070566
0.66666,1.1060267832956099,0.8282337106945201,1.1990678482404233,1.528073866709798,1.1865189646108023,1.0577244461189392,1.0311753684108096,1.2398081566658925,1.3563612286017623,1.1807371569701495,1.212037911031052,1.1911130497652487,0.9628426406293497,1.132145781285896,1.3780888766332386,1.3932733626871345,1.017966901648444,1.1587274816652116,1.220682552041234,1.276578909950755,1.2359778490254156,1.3821017332140206,1.1935498362939323,1.141731733609378,1.4685954172993938,1.19111736826111,1.0761357858086338,1.1774106691157349,1.1404240328571646,1.1195124220359929
0.66666,1.2192181051275635,0.8319728713481332,0.9212947754289553,1.3872681750492875,1.1098960464197014,1.0215749768759153,1.0325364697794202,0.9729328607383703,0.995778108597483,1.3415226482311815,1.0004591556450104,1.2235626383380196,1.157584538808539,1.0742115766885751,0.9898962664332436,1.0627599006269581,1.0155866853960271,1.0549125445213061,1.3085624203140456,1.455586525787355,1.380335812339003,1.0128574542343236,0.9903643385999732,1.0151637176082868,0.8667450398911851,0.8922555347276238,0.9568664400927054,1.0456257049839153,1.1513455057491067,1.0753238196043686
0.66666,1.122969962598901,0.889144287430953,1.2224169495428883,1.4439460473237153,0.9309924496311022,0.9774354238890596,1.2712663248003626,1.1487234656738423,1.2490657025771612,1.1318763246364472,1.0023959195215488,1.005470568067118,0.9967831041659325,0.9484746981592015,1.257545786065455,1.1620768633048961,1.2603143019472336,1.211459864934717,1.0488751864267776,1.2430006942172334,1.3770362996983314,1.2520977503469573,1.147405014347131,1.0480248226729096,0.9647220047731968,1.1703840087461537,1.5001185888964703,1.4998124332195164,1.075542303685492,1.3674893427387904
0.66666,1.2660547329958491,1.38530415075178,1.6335430939840319,1.319439775263159,1.0852660177149236,1.1083516857321454,0.9038730973962094,1.218027623234454,1.5949620533820366,1.34146838162544,0.9866629065980893,1.4015740010866748,1.301767881557774,1.2998083139104435,1.6712866927934114,1.1945429507250582,1.1660083441260802,0.9558118954791305,0.9551486598996689,1.3583460927966422,0.9456137722832151,1.3093267405645552,1.1412050474556448,1.4740730933980777,1.315747478602071,1.1982301088208047,1.0406270047784119,0.9979024520893758,0.9497935163928818,1.032869735905415
0.66666,1.0695592689968785,1.44387800680823,1.2504632828946771,0.9943226327465235,1.0907388240921942,1.3095267776700588,1.5665076361242298,1.1867399614514542,1.0712871927378127,1.102428521489258,1.1827900056730052,1.3115073207948245,1.0554144530132705,1.2105765356422489,1.2889821430481816,1.3782378187785371,1.1755413985728274,1.1003821942626681,1.3256066439014127,1.7646452673810702,1.2039817997973135,1.1310172072584852,1.3593631776268311,1.1940936257783143,1.3182221031510983,1.2287660807509744,1.3148304997785185,1.0755370735541463,1.17109739431976,1.1466130607846923
0.66666,1.3194888562306655,1.0649234033796906,1.1070950940871107,0.9581964079717052,1.1324016534030823,1.0306502030883928,1.0191744155359894,1.4775614509734072,1.602015992126956,1.3531521112378262,1.3835204222260717,0.9945968664180288,1.0667179566664073,1.0037625717606344,0.9851686298337843,0.9436791103931019,1.454334088265121,1.279821322613203,1.1669738445292006,0.9585936902508554,1.624936973982144,1.152109179732931,1.2593387559961022,1.0767028710882662,1.1143251049314564,1.1818227400362649,1.439146325823743,1.2227000934998165,1.1397560454725144,1.1733832952824892
0.66666,1.4010524871271859,1.2146882090137376,1.0687945251843924,1.1031925005770848,1.1213281529471169,0.9229506528012233,1.1662001082493687,1.3457229050571482,0.8941130408656638,1.016510551222539,1.2341582073655226,1.137407491983526,1.0301567041728636,1.0362810591570437,0.9524856993906357,1.373187531859882,1.1676624989781226,1.0596475192988355,1.4200613928905503,1.5186953998277086,0.9633374654607549,1.1990356136256388,1.0980343785900943,1.0765719384182806,1.0459156036741384,1.2056031358078791,1.1061889930912787,1.1111247559408648,0.8172406008577332,1.1214435946934467
0.66666,1.1290977216773825,1.4675814445361786,1.3186035458015368,1.4633169014266,0.9589587349382949,1.4949620501675074,1.2967323296966062,1.1863561021417464,1.2134401024742236,1.1600579126762398,1.7011480472300795,1.5374077459464794,1.0949386098202993,1.3026335677893495,1.1684535206025815,1.0020710931309864,1.0454710693700413,0.9552276108882041,1.0667274712256407,1.3061932557252476,0.9678149084262472,1.162679941752494,1.116543985502772,1.117798163684867,1.5694384891649955,1.3390727645668203,0.8929028535234346,1.2201751015764875,1.4725140255361275,1.510908095042527
0.66666,1.18853194066946,1.526667043944308,1.5183169731480304,1.3473258496161835,1.173638107352452,1.0836098402470453,1.5429594199455257,1.595022366770922,1.116064383850129,1.0852762456310812,1.093878995976518,0.9337839907809015,0.9992082029594562,1.6673696170086174,1.5880025888118292,1.2339452692861534,0.9805542400032041,1.0985252346563328,1.058557994009727,1.0838501328520813,1.0249151489084198,1.217358033430706,1.061749630225739,0.9040583149377017,1.2235997600073931,1.1560350160841297,1.0302188598053017,1.178449621210614,1.4404431659939254,1.341898516888398
0.66666,1.334857482450358,1.141913808453758,1.131889536179835,1.206578866483224,1.4853949731033005,1.081869263645067,1.2754798200351085,1.1177931542721116,1.099369640107526,1.3549446595420802,1.1902109420837665,0.9557716044731617,0.972700372568941,1.1688468218007262,0.9365525905893843,0.9776667314623649,1.302586632765229,1.275992307992166,1.1382967481881827,1.5565677802951,1.07071493752235,1.0682787980413662,1.0256539904464854,1.0898718892671273,1.3383984482218882,1.1997927803501263,1.1451350242699747,1.1758994662135167,1.1002182762967918,1.0982291797883637
0.66666,1.3911005644254442,1.2513509456317389,1.1261943669317016,0.9370345628797314,1.1486072641899439,0.9430324345253427,0.8935935561466063,1.3679656362613397,1.041733417738879,0.9294328248431362,1.086543069239247,1.768280312836327,1.1043358616245682,1.2223056411979458,1.0603034403499605,1.132709128373876,1.1628571513939647,0.996457121438579,0.9899544757238855,1.2235775759917102,1.451720546724867,1.1455590807071951,1.0329518165218945,1.1815660681082951,1.2349877453833515,1.3401895006725133,1.0316939873483442,1.242812427529563,1.1451052108865267,1.3230219889603165
0.66666,1.19353680577538,1.1693826397243636,0.8253291394865204,0.9277323356263869,0.9982764254212951,1.0588771627081603,1.0937081384194258,0.9283321140842917,0.8302917957567271,0.9253195311828508,0.8786601612667772,0.9042584035095582,1.1527665983915514,1.0287181154038354,1.0643896479026258,1.210403558724964,1.0819614077389046,1.2789404279671583,1.1141446372082937,1.5793923686495888,1.3337698633792296,1.3027510927821737,1.4750604024916045,0.9956921936404322,1.2766416022281333,0.9940637385630278,0.9856105710579237,1.422285708546407,1.3855384727518079,1.0654167862054325
0.66666,1.174879161249994,1.1504623301832657,0.9429106404143973,1.337667973999491,1.3180621719436647,1.0538393896259584,1.1301595312956578,1.117385109715849,1.473089621233799,1.1703029065948691,1.7829824081281693,1.281706418917117,1.1271146628167983,1.291274892688324,0.9972200780807559,1.0317795539484205,1.179132943699538,0.9404951122097763,1.1214183003455098,1.0065822814438525,1.285958294198678,1.0396425464356702,1.0842625136705593,1.0347222167045307,1.0584818580644026,1.0450039871770502,1.1270487288148752,0.9776274729936687,1.2709044228102957,1.0504197566538376
0.66666,1.2142193726216328,1.358982229029785,1.027850611159067,1.1918623072141854,1.587790262982152,1.1494414774321031,1.259998067379798,1.1857853691839513,0.9763958241149862,1.0486194439394831,1.8371197802430546,1.02681411454106,1.04838147351884,1.0350762323578357,0.9076936245721101,1.022271964890867,1.391222586384275,1.3831369449823614,1.0008427226544574,1.1489803498018614,1.2017796664658513,1.168163056053482,1.2541340558546776,1.3151514867185052,1.384183352015998,1.2145535852828815,0.9438215497112635,1.2328190081048205,1.5160344333585118,1.1938682218387084
0.66666,1.1891552089744948,1.076797791137352,0.980122731138602,1.4064395479279737,1.520506893356606,1.4151424253128326,1.4565274766336225,1.246844629070439,1.0328267115321046,1.3342148791206772,1.1816478749071406,0.9770796796697624,0.9251247542264319,1.0934376931224723,1.2297002515992275,1.1054644381479384,0.8969997049900451,1.0898312990294294,1.2742837717229663,1.08818740895594,1.1200333837310328,1.196880968344092,1.253615471905959,1.0138794451659352,1.3432962859034854,1.2575147598931486,1.295663711141466,1.3347446903374356,1.2303224209124037,1.410906925007536
0.66666,1.4268117206779465,1.0438732526669896,1.469330845600322,1.0493752389334425,1.2138182771773882,1.6835383236683668,1.238958195620109,1.2264395047995365,1.120442951062981,1.1681203983485142,1.223457676737765,1.1721330262211407,1.3775238193422767,1.4779786968878703,1.1629869038077578,0.9799999052862995,1.1342611289063862,1.17325891470493,1.100358891011633,1.272202679831673,1.4266855734819242,1.2043026101087568,1.2266796992060613,1.1481752841059678,1.3595620959419548,1.4292946800161854,1.1588506466862352,1.315211749821521,1.244150859413111,0.9788507265920426
0.66666,1.0653674452406097,1.0542125225282282,1.1330038621916927,0.9486349896029458,0.9079797278080145,1.1889206555201661,1.0541642268468063,0.9355511785128334,1.1375266783858915,0.9693946562195243,1.0894813072572511,1.461594706162908,1.06771731042647,1.0658557818521908,1.5376718871682142,0.935915070522184,1.0981255139988728,1.3065290834492373,0.9623792081558346,1.2669831442934933,1.2103949302948311,1.4413827851986665,1.2947727631501422,1.2981973165756255,1.0222230032364505,0.9538006637667531,1.1276953189685612,1.038596507880021,1.2485640490070027,1.080575336931981
0.66666,1.0481010150611885,1.181508163095888,1.1714399434800378,1.0884836644096834,1.131505942619727,1.3701662374923187,1.2762025286355863,1.4223188650630432,1.1213231970338586,0.9672731356469015,0.9410057284578085,1.0245339687055315,1.607009365853601,1.2165920540529027,0.9943799425089486,1.077382084695037,1.0633231630520068,1.176396492547865,1.3938757006657716,1.0430669401534596,1.12080459732757,1.1047358325886503,1.5188337470526663,1.1041995943201215,1.5982869231268368,1.2582515826151957,0.9680268709421874,1.0307663214015308,1.2606351260282556,1.5887681620503875
0.66666,1.2730444714151714,1.4943968818662499,1.605907550970797,0.8779011224574321,1.4536863672152862,1.2613507582904921,1.376767520471233,1.0694715370935834,1.4527159811007089,1.4325732986016382,1.0863706498482502,1.2546763606242584,1.26063604197666,1.141634398285478,1.1954894523836357,1.1154983513475862,1.0055267158311618,1.2038786916394382,1.2411331035629356,1.0814705869308394,0.9325563670073995,1.394898207438708,1.1172164669133076,1.2825283418270412,1.3118754580837055,1.041011356234352,1.308958493749179,1.3895232690652244,1.3923190117665931,1.248463597748129
0.77777,1.845695395261828,1.2392940257689844,1.1864039696881143,1.1162645680879686,1.3094306950435783,1.1231190034854839,1.0657037544161456,1.043517416012761,1.2721875086418726,1.5603480591498071,1.3467641804344264,1.487456045099825,1.3122745059028535,1.0814857287714437,1.4166299387088994,0.933669135096266,0.97918935716306,1.0162297052904146,1.0738122210260561,1.0827096579845967,0.8784164824977259,1.2854489149769284,1.4729920230499527,1.4244912588728305,1.4008355544573432,1.2622939380322242,1.0793502393592491,1.0983441682452584,1.3949271358489532,1.625016258804857
0.77777,1.2814288446120259,1.5364017388376856,1.1164048568351064,1.1068596933477428,1.1245929295762267,1.4786244609145023,1.0928875809533607,1.350198218874067,1.30244918780372,1.3228433819162282,1.8124944801534875,1.1299471305676068,1.333492483555622,1.3756981488292142,1.521988155550722,1.1477135797991738,1.4008665532832312,1.3354370121628325,1.4242581006672708,1.0397248590354946,1.1586075837423475,1.387042069740225,1.2926295304126123,1.11762702784335,1.4057561426378613,1.443175720793808,1.1227878718420556,1.370321359945216,1.2493739973411695,1.4464653991074303
0.77777,1.1221273746717442,1.200682447951617,1.4887287799574382,1.1805194981577536,1.1775316837916237,1.2339006420549758,1.1805425274132268,1.2435668705338543,1.3494377459237274,1.2147606075476238,1.3506870247851996,1.4974143450793655,1.1697214709092156,1.0769807022842275,1.5763665512917933,1.4886537119713144,1.262586896639907,1.7741067285531964,1.2448243406399857,1.304970261973605,1.2848633871546769,1.166078351782485,1.705536898733044,1.6011974987461226,1.3248015299716798,1.2762293378819924,1.4476087069216614,1.0800656581776475,1.1762646268903392,1.2103904742575138
0.77777,1.3548674762592938,1.3125842597379431,1.2991311476894907,1.399398728873368,1.2254914173314837,1.0155762624421754,1.6837674523628092,1.600610889114198,1.312011471462432,1.492868112519184,1.5682032070651521,1.3620709551244718,1.3418392640933317,1.2224953507705627,1.2249910632590069,1.312992715777825,1.4761870108213824,1.2773215831898115,1.1658875114838638,1.1352374667491345,1.171199833550679,1.0787418792749588,1.0641199419811769,1.2789095803082664,1.4897728803028627,1.2328766042499557,1.4037115186611484,1.280431706840479,1.3902230080534517,1.015763511380465
0.77777,1.258092823683241,0.8231557526692764,1.152740227650279,1.7923024320925143,1.1953713569369229,1.3459687678564862,1.0703166442956629,1.2396525012339616,1.3149834281832486,1.4290904802209672,1.6447140681578332,1.311512140189849,1.3208815680788182,1.1046871034090175,1.5602210090790567,1.074879416212819,1.423087955811212,1.2593825436397614,1.0608721735503273,1.8992763774771761,1.4030555537219545,1.1215564670007812,1.3803387079687368,1.155303002973245,1.0518600223469918,1.071373314845556,1.4216386388486761,1.1891162037110818,1.5529127394215405,1.6531295398816004
0.77777,1.2307496670317393,1.4457562099383077,1.2734576649738172,1.2456773763835323,1.3757247514441222,1.1200052337134032,0.8645020210703297,2.09627552273736,1.3351628055738387,1.2629452858483405,1.2225169397959175,1.221685052226962,1.151428481209515,1.5302318819307126,1.066056414853809,1.554059382371926,1.0770833643360636,1.012817205338996,1.394596096923125,1.1629596929275787,1.2990547555179555,1.1961011382215836,1.1285442372078682,1.4772410694722142,1.4352164932528169,1.2311783384157688,1.2214389710661597,1.2938910757454702,1.0674972797704991,1.1665022854619427
0.77777,1.5054345157694151,1.5789646952921963,1.156171588477194,1.5358391423743412,1.6854712291301464,1.6263222525331702,1.78449504782102,1.3980652820463875,1.38620612137105,1.350952885939635,1.2342264826099238,1.1725963426783736,1.0650580702684151,1.257163320751393,1.2234161339631429,1.043567814324194,1.4737332102027312,1.335144752549349,1.3317391228326214,0.9120802244758447,1.1738198142902685,1.3117025554273005,1.2898159434310508,1.379713642700365,1.8244339390106479,1.3414763985449338,1.1927789001516946,1.1740209360623142,1.2095029540444793,1.0399633977492613
0.77777,1.5134114154597305,1.2075513546429941,1.2759752061452316,1.19015143821717,1.413765360446211,1.6820351541647338,1.3536920779857846,0.9407251393029767,1.1496598519725056,0.9915821850183839,1.2855666384200273,1.3207322974105282,1.379391742421136,1.6696369053781428,1.7218862196404474,1.4449222517440676,1.102948183128804,1.3955013412734367,1.2767075864698587,1.661292457699636,1.1877267176369228,1.2428440630620465,1.142565884698014,1.1337688013490292,1.244965734690066,1.4385609511044934,1.6421860565896975,1.3691951121887695,1.1303266795337557,1.182494132136258
0.77777,0.9665784067482238,1.3866510556150133,1.339961384323451,1.0500490721607343,1.0117270879015743,1.0617872678591076,1.3346787787472578,1.231749159592761,1.0647175624089813,1.143720997478708,1.6667396958364025,1.291582589683859,1.450608872723343,1.2525027535375606,1.3505358752051866,1.278334668674838,1.2836630478639475,1.0777710414558839,1.0784577245163929,1.076221167943387,1.5462136004800795,1.4430665139539918,1.173326500930646,1.1044294302848667,1.980378928463909,1.2544060499238772,1.2902584885609296,1.2030920785689676,1.2237495295895358,1.1870421793387929
0.77777,1.4253281276322425,1.3256409099163007,1.3845112264175683,1.3032685033551445,1.0937893709753206,1.299252356006537,1.2248200727363947,1.4642902978846741,1.3261480445846467,1.182844993090837,1.0797152600007445,1.0615637670218947,1.0645734937653215,1.3716893711370717,1.1860758255758315,1.0773273270769712,1.4682428848535736,1.0668513364296175,1.2105348861999272,1.1635580234707106,1.7640747558968195,1.7347171760809585,1.5362388223080297,1.4023080277168825,1.4856638123229693,1.2326875193872484,1.0287322503502332,1.2656852291928131,1.163779268601864,1.6020288586703595
0.77777,1.2962923557284363,1.1497686638267623,1.287247658470206,1.0823732113792122,1.0014370183320895,1.5154243118413475,1.1780400210272968,1.1882030078358072,1.3451032917117272,1.1437265006805148,1.315443718461566,1.1594140815759613,1.536486775202542,1.6193607354269377,1.3315881140182342,1.6357134845790873,1.298215860629009,1.3481079352757073,1.2628667338405932,1.062268366784643,0.8932480471007418,1.4868438175226246,1.074945576806044,1.090093170153777,0.9950731274650287,1.2237945151091045,1.160427456442448,1.1459094519336905,0.9902099207342664,1.1195589392866625
0.77777,1.0253430453842718,1.3768907723018908,1.3224794086630145,1.3707027454934002,1.375341073889197,1.0290575439082579,1.3824702172574685,1.4795918657440044,1.3270113381703226,1.572678892501196,1.5960302084382492,1.1730890043491249,1.2825559307851873,1.3720027927176486,1.1791702701308615,1.6936650691269426,1.4637322887493138,1.2566112518375607,1.2127412614208848,1.0435151933057174,1.030032984380578,1.3109385170357886,1.460362403965826,1.1418209743162293,1.11875333000751,1.5185833190261626,1.4547249082490623,1.5546650754958786,1.0181286956344722,1.466192629209663
0.77777,1.3045276887328503,0.9283173412969922,1.0788325282781246,1.2815334720546365,1.3862732051165367,1.2719090803249913,1.3430339479652698,1.4580799398723157,1.3083693684029944,1.3439862752694394,1.5573652545219014,1.2346876000141052,1.2913238654035317,1.206185610600296,1.508805870513807,1.3707988610711068,1.5602774348454438,1.2010116560238904,1.2814958270090588,1.3390561075498657,1.0671061156654622,0.9278374431561925,1.2254837169496628,1.0550302488530625,1.0445287898681446,1.2577709305137799,1.2106527074821334,1.2986951101208073,1.5822106329941943,1.0137751139002413
0.77777,1.1839290598253203,1.4402563931861967,1.5225768106310134,1.140173496579213,1.4618030042928427,1.720887793561429,1.2796570535159608,1.2227466912410343,1.2683838282308204,1.1203038226306667,1.4175717836041386,1.089720045644345,1.419740989930207,1.504615012055848,1.4706343563832067,1.3177057196363495,1.2500534043743063,1.4560996891157005,1.3569600813263447,1.1150112734318685,1.0809579467561852,1.704793243075662,1.2183911494924706,1.3400399614571132,1.362769266101544,1.274615698177011,1.4184941229180903,1.3549849377939498,1.839632405195692,1.2058595090533584
0.77777,1.0338039187639747,1.3263421477264157,1.3863931810377694,1.3174797423454707,1.4580124249817843,1.2190392207234964,1.1353129813698668,1.0091215457923,1.1381296539295234,1.2875107932518164,1.3937515805196925,1.7726634688822953,1.3100483472410354,1.2902926379088238,1.256117015189993,1.3082260764830598,1.0489757144344567,1.1680334516650202,1.0841565734917986,1.0153163660267457,1.3716206470726395,1.3686918645312351,1.5162248830299259,1.3322659267755,1.4486077823175512,1.2910774221883436,1.2873570369662346,1.097425734772224,1.3200729202150792,1.2109896314195618
0.77777,1.0876026076230085,1.134063587840703,1.1892333904027903,1.349700740399174,1.729422369163069,0.9452924033530147,1.2170172916462088,1.057301116580172,0.9777977633632438,1.2785239995218942,1.2394778813341696,1.2465906292394946,1.0795130123462546,1.309034774950668,1.7229315117579884,1.279251217754065,1.27519854408977,1.6068836350698066,1.2615881423436133,1.1713876142731443,1.2140572515392891,1.3171763480257288,1.3742780462001964,1.3494832144375888,1.3215927636088471,1.2254297820419449,1.2331754119348293,1.411823573928945,1.6397950078748806,1.565762081621134
0.77777,1.1165583474912197,1.1401708050570767,0.9517973745818195,1.288579192430893,1.2280672658787468,1.2864387316844614,1.2206015283512635,1.2282503426018294,1.2886773263404472,1.0989291507627392,1.2742491245460092,1.110951899148914,1.2199089369102438,1.4604460113836708,1.2300015822772767,1.87276537608871,1.3166082689824508,1.195554858595348,1.4302676836260715,1.0735374069226096,1.10435606709091,1.1438542310780113,1.5782472660119344,1.1390699776178332,1.1041303210882882,1.3397597629622924,1.4873208660540544,1.6310066397713268,1.1308063099455559,1.334902929980531
0.77777,1.539542597431215,1.6584394150582746,1.016301344855385,1.3225022013760397,1.2367110162278325,1.2635911376421067,1.4169655663317353,1.399624786119057,1.3388201587648827,1.1170485461858823,1.3640840195072357,1.0871415087975016,1.0594364208523308,1.2435389966371049,1.1769083123541297,1.23301959874386,1.6496740882059049,1.2082414737389608,1.2317188810537292,1.113102082638448,1.136577902292004,1.4094577966733868,1.3430718492246798,1.3013653660769713,1.2291703104392493,1.434480075786492,1.2323880991680911,1.1243186700126457,1.2623500378676327,1.395278042171519
0.77777,1.3348722430326272,1.084121546295717,1.4135739239487828,1.2844203061994162,1.594427388806113,1.490442780647943,1.2638790560630178,1.1485327084418469,1.0417231519502752,1.2548467079123875,1.2421029350212478,1.3857496910487317,1.0506691623641777,1.6727790844974768,1.243819001425373,1.5563642984326023,1.3077776521564948,0.9378977545819076,1.0666110289013055,1.1658271455592788,1.1409045286426225,1.3067487655672647,1.4255531861266952,1.6337766731300838,1.2902452718735498,1.3469220283422223,1.5141554813834273,1.2212878596480954,1.4416796642236829,1.354104573589592
0.77777,1.8344505456701679,1.52453811619858,1.2733539095049775,1.0353697031483169,1.4447631436212953,1.329930462926566,1.0195857232117094,1.1855718572069338,1.5532733739289304,1.356661671584221,1.0896414764449502,1.3220435645517334,1.3095850818992953,1.4463217516504678,1.2702980042076442,1.4995618003016522,1.2309165530663262,1.1063192310253287,1.4172135593532036,1.4729506496024796,1.4126709461632923,1.4242704188727247,1.356009152830137,1.0633679409709162,1.515153662650944,1.4067658463474795,1.3901657374670657,1.1861341864620296,1.4183366951443364,1.0810523972816153
0.77777,1.142653403380866,1.1807077305239326,1.4150762473383736,1.7469987877156272,1.4839604455928865,1.2468850038559953,1.7161978695863385,1.0678855176655355,1.1175374374850122,1.2047056158684422,1.1504794333546378,1.346556330632081,1.2486528926621083,1.7569257059035936,1.3197694644765905,1.0383409421505663,1.4544970389530043,1.3248863828661315,1.6402452058440267,1.3869632647383958,1.4263323884028474,0.9569250402752397,1.4427297132574162,1.2120056519025437,1.148560880786167,1.1196317764560206,1.4249348985637444,0.9707636084966592,1.5651105220113344,1.1569275045127445
0.77777,1.347352785748208,1.4630499947219253,1.7383564331271302,1.5812222296457659,1.2341024592704857,1.4963112016255404,1.515779045138125,1.2977372998366117,1.2370262065722744,1.1867268417799053,0.8919433547471449,1.2946062795507818,1.360840924366226,1.1466121302359316,1.1470658297146463,1.2718385117547786,1.4063501257869568,1.2442506457816283,1.1960431679647932,1.3680561128775095,1.2739659203498057,1.5676488864632188,1.08406486540493,1.3949424326006294,1.5433089594518103,1.716648167780896,1.543654335255607,1.4270942558926796,1.4310495002694859,1.0110396209164945
0.77777,1.5198708196733868,1.4450361261572031,1.141738660388094,1.050734121103783,1.2222057140329308,1.4585135759982535,1.379737491450817,1.0968930835989905,1.4682012857321154,1.134989465892275,1.3008205277036378,1.3852772933163802,0.981163348003824,1.0833058352507032,1.0322572806444266,1.0995845917779217,1.2013322739369574,1.3309805606530019,1.4469434770605734,1.24934794975851,1.119131374879992,1.1539313326740872,1.266741397309327,1.3409911798877698,1.2418013104940566,1.0450641848116597,0.953753992946,0.9996182119045668,1.2002135870432205,1.2026125947437605
0.77777,1.1257694985484474,1.0889878966487896,1.3434098875290834,1.4966289178053405,1.4163678380384648,1.86546323007278,1.1945168084326032,1.4091381422593647,0.9691862017040062,1.2883671989501588,1.842839083604609,1.1910313169790114,1.065633737560014,0.9904163534961336,1.243702347056998,1.2457451013339047,1.2847369952383685,1.1090329121722098,1.046496553964521,1.1338901750363042,1.2411622819273604,1.3808225007516743,1.1166288277443879,1.274843620518614,0.9773219389723765,1.325332561841189,1.0734199582520474,1.0336971743513013,1.245376047394309,1.5943890876823712
0.77777,1.035740979896893,1.1210816433226674,1.1058197278368531,1.34867212937358,1.4642145593207163,1.2049396538997588,1.165957382711436,1.3652206527772723,1.2725206631613508,1.4009955796671025,1.1463606018354369,1.059250936535785,1.2888266662017913,1.2433079833757203,1.260337240785397,1.6434436932783345,1.0479784533707162,1.2609397571875973,1.452485345955058,1.1516326560534342,1.157024077006102,1.505839671085723,1.3139776272736152,1.1513317959910927,1.213727484550088,1.2509606792285957,1.4250746134581982,1.2114246716991823,1.486603280350159,1.625642856222363
0.77777,1.5625273661330874,1.0807135949372717,1.1220720649707738,1.234264541944299,1.461880919301566,1.1137820208190767,1.2599727507729437,1.3490724729488257,1.313499053410582,1.3602712151146792,1.1566435564709392,0.9126078662141099,1.1296644472618766,1.6918649874075355,1.7902972882984032,1.4976924284195967,1.1562209392975182,1.341311712561372,1.5888293434851128,1.541966539873771,1.7721140473224788,1.4111883493096395,1.3761281590487446,1.1654836844901428,1.5499903371118415,1.414761146439304,1.1172571271423493,1.1741795357269513,1.23274246454948,1.2891516506014267
0.77777,1.4367881230613466,1.1229289018293298,1.3412303223465956,1.4964852276632394,1.441230730448716,1.2176219228403935,1.2318645631578862,1.10502767207154,1.2600168415862347,1.067085423465626,1.6482464957390706,1.449339554206141,1.120693140006459,1.4816347746021346,1.346991613012304,1.3266792446655877,1.342323095289192,1.2756867697331655,1.2056056688181238,1.0336125304338053,1.0130713182472542,1.408516315141477,1.115110771248862,0.9824990241633301,1.202640028591601,1.4456316781733518,1.3623097317151849,1.3983072558321454,1.1487249837942415,1.1897126977757162
0.77777,1.1014735128028772,1.031711291150242,1.5373453722230388,1.5224460113020064,1.4415320878324722,1.1430726180008584,0.995100033265415,1.2483601073756998,1.2448570040578917,1.1759399257388443,1.170286357984652,1.215563503545155,1.1089982137847292,1.2379649302386322,1.2801492971429014,1.1005498850464057,1.3047894468695305,1.6257713342942246,1.155534955888051,1.0550040852856348,1.1244313848826153,1.2502242673229058,0.8810070930744448,1.309912014818059,1.3018474354122702,1.1087749481563638,1.0073378119228036,1.2211028792774663,0.9793007116313632,1.0420545837668076
0.33333,1.0090209210686565,1.1314696470962617,0.9751539971539026,0.8365401298777904,1.0056176003884374,0.9888802310407766,0.9883079446318639,0.875525193881238,0.731734707439962,0.9384155371803925,1.4361451869706392,0.8880517937777871,0.7922269473173631,0.9108520320060802,1.1422928691073702,1.01186196373391,1.1237918027539138,0.9038314359842996,0.7118806987666201,0.8705546139871703,1.074767057945631,0.7205415240330765,0.8498101818833684,0.7907177948882881,0.91394752357385,0.8020005142967856,0.7341128100291833,0.9335476822808977,0.8367302056083398,0.763588744070889
0.33333,0.9436165287928807,0.8294113731663362,1.0960025652572352,1.3767306673042004,0.9874545314907822,0.860637062210501,0.7383133721858945,0.872530616767625,0.7672597743151386,0.9537415419775539,0.6861281080243066,0.9257345618395103,0.9034738811239269,0.8398006479155374,1.0197179949527777,0.6704549838020077,0.8636304696822666,0.9811250353396732,0.9421748013667968,0.8942014190865092,0.887854696664023,1.1570462586619294,0.905808354996326,0.799492288084189,0.8424159703805191,0.7260759021792872,0.8936675586113113,0.6779129563072843,0.7295149006903268,0.9241906847232628
0.33333,0.813700075992139,0.881498407448754,0.9870276325166008,0.8794565686390534,1.0173624337200933,1.2843075686162502,0.8197558305850494,1.0207690327932673,1.182228383986452,1.202668141725731,1.1344945609289758,0.9465808933992852,1.0628583551820332,1.1773254220326048,0.6453144159401234,0.790195277254267,0.8176035888549612,0.8705408435244453,0.8998247395977393,0.7393739150096216,0.6494101658082806,0.7870919750221156,0.8745648447990231,0.8581041451055932,0.8605185599949264,0.876325521128974,0.9079748513939317,0.8821326366466992,0.9693397930746996,1.2709708538701887
0.33333,0.8087224941510734,0.8284006449802209,0.9594229701232591,0.8025278608824945,0.9329839377703796,0.8329999947718378,0.8889694281491277,0.9969736782762856,0.8810049976580298,0.7085944682853283,1.0057932060764638,0.9098035740406483,0.7932168896863708,1.0634069983681425,0.9034244806102694,1.0073520963170817,1.1278616013313352,1.0879368714297994,1.2035503034161494,0.887065703384184,1.0860914657165592,0.7749672142560375,0.7416407940302497,1.059171935441089,1.1193822378364486,0.9635719351186665,0.7550504139158868,0.7789415757676779,0.7837541416296971,1.3567726311683517
0.33333,0.8452535660144785,0.718297100491083,0.8270277470123085,0.6884577336289828,0.8893287034032994,0.9697121001923387,1.4441888872879574,1.1464054858022559,0.8440126627639786,0.5885696732426845,0.7917751948950649,0.7081516336386785,0.9012130324778993,0.912494959248774,0.8079148957714963,0.7557154758851895,0.8079087760384774,0.7845156616136669,0.7952713684710873,0.7563631516436236,0.97805820719459,0.7052607710922705,1.3279548274607662,0.9959004762077468,0.8041418196334601,0.7875027095979397,1.0429899355506724,0.9272163163983259,0.8884126758558051,0.7878133289376655
0.33333,0.9499047393558789,0.8726699420616503,0.953879986832336,1.0397239988389622,0.8410758391846975,0.94783485368644,0.9159919518607712,1.0307306858020848,0.8963173201973283,0.7825663101915413,0.9697670768183158,0.8478571736794277,0.7335464812533355,0.8401849154640448,0.9005759601270735,1.1114546943839352,0.9241027051263767,0.9991489635160788,0.8248181923024772,0.8218137059924399,0.9286071705896703,0.9974800049610517,0.7337658691142092,0.8527751146759956,0.8728007319793508,0.7735871226581258,0.9465520721097874,0.7558693848893921,0.8679683470692168,0.86680121915198
0.33333,0.8037772784173328,1.071479700825045,0.8803350387585508,0.823112924054102,1.0284265898258063,1.1542522840409342,1.1016517487982593,0.7766953074286783,0.7208793387107071,1.15057464657089,1.1532418350295734,0.7514627605401802,0.9611398422832831,1.0463374669291035,0.7694536540326027,0.9513952021234786,1.081043061986911,0.9306372179743582,0.713032590211364,0.899111587832336,0.8195793061513081,1.0992966399444015,1.4266152510045864,1.499428626235083,0.9700848295019793,0.8899534297007331,1.1337232390074046,1.1921988455284602,0.7352915308915586,1.0678558274415233
0.33333,0.6585362338049746,0.7605290442771822,0.8031642159907885,0.9564548787446957,0.8229500280601333,0.7416908283557302,1.0294975198018521,1.133658062160368,0.846667766743501,1.0602588585045853,0.7984947360840384,0.7453237373128441,0.7393765080308486,0.822195937781368,0.7775403495598505,1.0917889278241795,1.0207987396621319,1.0801436864748768,0.909246584122686,1.1393333742438942,1.1433288154836907,0.7620876635344459,1.062838028250896,1.0156639540164742,0.7669934021011168,1.0168631527960643,0.9161625756920413,0.8394212178193873,0.9659736034168002,0.9911701818236655
0.33333,0.7707460951452773,0.866972468645789,1.0577233774629817,0.911035582464053,0.9412788886488882,1.3224508960567902,0.8974621194115593,0.9402823402350559,1.0909263193652476,0.9181756486462193,0.7100241678880842,0.7639215255985343,1.0194390225124308,0.9965263760443969,0.7949803825405267,0.9272830184139875,0.9279583886895963,0.8682175635533683,0.844869659635347,0.7387365147567985,1.075507010373935,1.138715784308386,0.8933019083915292,0.9760700022680411,0.7309899426267163,0.8711925952831335,0.6915640267322342,0.8021665191634448,0.858370166706953,0.6879263138615828
0.33333,0.9196932478948896,0.9196205853891516,1.0071215593630467,1.2073922862402358,1.1158919044909976,0.83129415030042,0.6823233127552073,1.4668842120099597,0.7589600496298562,0.7090434389665164,0.9479171190920224,0.9067900426214093,0.9234817686457683,0.9831964055646412,1.1365721437676095,0.9683986761873251,0.8060851216918149,0.8757328019803647,0.7005654677336117,0.7899770909446979,1.0992390603066535,0.9722368186475179,0.9399012425762973,0.9647108135820706,0.7567452557184756,0.9731990249775886,0.9907381701700275,0.9414364909564966,0.950394743863152,0.9481696653243037
0.33333,0.8388092433695988,0.9768355855822337,1.1659516757422075,1.0282786128392798,0.8543511935598682,1.1518680307138243,0.8611849552818601,0.8027316113951575,0.8725497867132952,0.6550226005142158,0.7350911690509768,0.7633362421114092,0.9539058588863312,1.0108122610091166,0.9340956773632535,0.8988320999756785,0.850646110000969,0.7532250123368334,0.6314757286918409,0.7227163455563254,0.7301296282151357,0.8810554845916708,0.9660434660718333,0.8268931183697876,0.6725614669695092,0.8712912270121004,0.918398019975557,0.8140991995939589,1.0183176297296261,1.0561571336765958
0.33333,0.9945662464731341,0.8413435060123349,0.7701052999746063,0.9022145517449993,1.1305263831811279,0.8592128861153112,0.8726042640702775,0.985817434407646,1.1458938851476272,0.9753613151569819,1.009973798469638,0.7908260351849071,1.1313738631735986,1.1067084383739472,0.9403895055129848,0.7991928309949629,0.9802332011376255,0.8902444014752541,0.8092648526287848,0.69428347854266,0.9441745367779281,1.0569851378121748,0.9584120232002691,0.7899207351983196,0.7404058247561999,0.8067667731711418,0.7343514122390963,0.5744106350610503,0.6563459502918102,0.848000627116849
0.33333,1.0981953432880351,1.0776333036880796,1.1490295275934501,1.0595896792938384,0.7784554802960476,0.8129997197846848,0.8356449336122959,0.8192832067350044,0.8091574036741898,0.7403930343431919,0.8636628690799233,1.1791065839295396,1.035925044648648,0.9165524429930696,0.8137301665538862,1.3846207626604408,0.923636449345902,0.7906268930342274,0.9786020348985216,0.9354149047739214,0.8884422160444874,0.7762112144692199,0.7949056122814077,0.8862502726117709,0.9282128942497857,1.101404874275979,0.9741786784039008,0.8905445899096459,0.7702952259084819,0.9298946786314036
0.33333,0.7541492149462651,1.093877485363311,0.9338691591821244,0.8823058363715991,1.0517039839039635,0.9327675690275755,0.7442989632729714,0.8099649387661637,0.9056843810994709,1.08278657577504,0.752899908384169,1.0974657140113628,1.2873456292760113,0.9561721823558464,1.0170189484171739,0.750758862871986,1.2004143143842116,1.06146037566519,0.8954730826777255,1.0121839851429353,0.9149200443091862,0.7207933571343782,0.8939414912675192,0.8058963308784164,0.6680638650182046,0.9642356990298354,0.8818045259373413,1.0212931761208266,0.7151851301973199,0.8564533518068769
0.33333,0.9994328246905949,0.787575329323438,0.9853895516193174,0.9299835731942417,0.6808496281200933,0.9222924988029835,1.03809052440013,0.9248045469885268,0.7049460175834257,0.8828865041564751,0.8055874557454521,0.6750455183565615,1.0242909661900488,0.9328192096648512,0.803214830090087,0.793513412888647,1.3261685280784519,1.0255959501019667,0.9503634464761677,0.8674650622115895,0.7856472203989759,0.8640625380430156,0.8343828996492577,0.9798178548915386,0.8927460357257452,0.9449783213614111,1.0402709728929123,0.982235939405929,0.837193942741395,0.8029918122174013
0.33333,0.9292373468063827,1.1211298706873025,0.7106201400487488,0.7079746106105193,1.1103953448246466,0.8028898436928026,0.7264804609244954,0.9135153059155846,1.0527086855325063,1.0056760621251055,1.1423088262112062,1.2906922432455066,1.0537699391998565,0.8504492551050592,0.6636129294744315,1.2580978128591995,0.8300352496634985,1.0685338698981253,1.120318495217708,1.1236238536426233,1.0290571569763047,0.9548520776032272,0.8729331536366587,0.8211378623056883,0.8252585178843261,0.8978971191951791,0.9852978369923048,0.7298416207962238,0.768322724156149,0.9716921173520814
0.33333,0.6000434660303924,1.1031134479923395,1.022001344850286,0.9870051385075096,0.7642694096899033,0.7203411969183824,0.7570004343891682,0.8148466338085197,1.0800971953951874,1.2227806048373822,0.9912548368419846,0.850387205266607,0.8083081654733272,0.9109814861406218,0.7775582165163385,0.8889401494389012,0.7787226058469024,0.8394752772820525,1.0975399898360083,1.2184144998663797,0.9581995639158513,0.8607617667951358,0.7773376013955319,0.8009089904688794,0.7195545181486316,0.9220141174685487,0.9952838665098132,0.9628631258335605,0.6982520130602509,0.837517294747128
0.33333,0.708271950277156,0.9613800302678532,0.7511999917395995,0.7789192019120504,1.1347987825693449,0.8445465208497912,0.8075895465449588,0.9312225788648678,1.0402998479531813,0.8301575785075477,1.132249190290891,0.9755566971493727,0.8870542200191963,0.8926490163824358,0.9942620525821174,0.862202042564442,0.7617407545353129,1.023188557447855,0.869101635967588,1.064993521132802,1.160647858672999,0.6626966527421361,0.8030334111919016,0.8340474612198369,0.7701222884074208,0.7928228642638465,0.9755667868185572,0.831758555363598,0.9957053200590568,1.190872276733102
0.33333,0.8114767137756776,0.8336561936192991,0.9939416688096884,0.834766992200513,0.8448276658591198,0.6715181859704005,1.203647236252254,1.0240936325560768,0.9869548453779543,0.8292399711937839,0.910604051942813,0.9316599443652184,0.7049601627660298,0.9259285319556416,0.902244836894752,0.8600827972835807,0.7367645137143044,0.950497558751647,0.9274036661679682,0.7250051346202984,0.9001445005406042,0.7744757457494061,0.7306147902671131,0.8113957076168774,0.9125633355423068,0.9636738716764516,1.0568596504905958,0.8889214679087095,0.7726253745773337,0.659942748357518
0.33333,1.0115842271511097,0.780534372723473,0.820726800385617,0.8951942913781035,1.3276282623089923,1.1118676811759496,0.7229539869649126,0.9132907209127877,0.6283447107182546,0.7454001758489608,0.8891199757057592,1.0264980074459011,0.8458633779513473,0.8604435541245067,0.9183445776159609,0.7022939784424641,0.8176862258674521,0.8919493859533079,0.9625423108673828,0.9130264518187884,0.7078307767644153,0.9700710466351823,0.8249782731223121,0.636847094365362,0.8356705763643354,0.8019810360505427,0.6577184713590245,0.812994237708589,1.0745589929437889,0.9192158213822653
0.33333,0.9038571674419312,0.9649942671726828,0.9853296471434633,0.8703700078089623,0.7934711392233881,0.7775142712123994,0.913482146958543,0.8908688004567674,0.8817807279170331,0.872075378334467,0.7150878273267975,0.7703554228566446,0.9513548739903547,1.4969044838563113,1.1639290998997454,0.8523542206043135,1.0098035258757534,0.8258066126200247,0.9193312836937627,0.7990490244115297,0.8756331162338004,0.9431147169817644,0.7778765921262558,0.4947291391375679,1.0221713932194074,1.1839684084702762,0.7216127255079821,0.7582529745785975,0.8190921027710657,0.9861037945548949
0.33333,1.0321162393937036,0.700382462939272,0.9810465965973271,0.6834233340903137,0.8177686036900628,1.199711283144355,0.8336247860081518,0.6693072688412226,0.8242786878376174,1.0723486254858368,1.3303753692077882,1.1119358488043651,0.834452575313014,0.7359357268172567,0.618070078799378,0.9924583253604901,0.8999666508624329,1.0892924004016062,1.322891672878027,1.3348481380510646,0.7249256853312527,0.7646632176950161,0.8470215167201968,1.0446814968436544,0.9210905324751391,0.9382863389448337,1.0418494233041375,0.8198286969674996,0.7900598702558571,0.9774573472948653
0.33333,0.9709991406546777,1.094480112652755,1.0348883325153593,0.8578206642566496,1.27196281181545,1.2460463068009213,0.947391955159065,0.9237819691737481,0.8891247551285272,0.8751303072231011,0.9412779130682313,0.8103302359504881,0.8157346005643986,0.7844371705984753,0.7669086001197866,1.0516477919705332,0.7834383748399891,0.9476924754956046,0.8047695543952352,0.8852328853446565,0.8227134436057152,0.6988684905234164,0.7337161770590704,0.9736685534981384,0.759202067934469,0.807255706994956,0.7926644392102811,0.9019164895011635,1.0018696940626803,0.8062629669368816
0.33333,0.8657067253636939,0.9059596084536632,0.7709282227886746,1.1985288527405693,0.8693664417428694,0.9436242158694372,0.922590580615531,0.7060423557703575,0.8609538325520371,1.053118115597159,1.1885705926951295,0.7309692667578147,1.0533291501383308,0.9978919619431904,0.8697014612270351,0.790262737097346,0.893685754151649,1.1660578910486006,0.9091126668567983,0.8736353251849959,0.7271384039721344,0.8346306664639918,0.8544189923236603,0.716814476971674,0.9289234620563082,0.882252284625266,0.8871717273866842,0.9157439062265756,1.0835962128946384,1.0306836068649274
0.33333,0.8366807767858531,0.990700053963437,0.8178018645340868,0.9873230889412329,0.8944391812739579,1.103604690495233,0.9514131252398984,0.8453308047345282,0.988495753438916,0.8423714538515863,0.9570617572370584,1.2153973464012224,1.0411548570775606,0.8225764061082103,0.7918623718271321,1.2555245434951525,0.8784131890395153,1.0085755001604095,0.8764077841324637,1.208607628994014,0.7213363581769746,0.6742283579307696,1.0371805939542074,1.2410706174626953,1.1870156780921144,1.0602616510874454,0.8958891251624252,0.8715209818386989,1.3402486738964938,0.8041895752519107
0.33333,1.1706280848538926,0.9991375071891941,1.0322753060948213,0.8525155911418139,0.9295846162403884,0.8491814477390958,0.813542576038459,0.7879567364693534,0.6083340046567309,0.6385846349938673,0.6554148154795096,1.0937034499856828,0.9018631364003988,1.0533849455958488,1.0447676198393794,0.8175380303481551,1.0304530983128004,0.6561725909066274,0.816182780359839,1.0667513782182065,1.0771276438169886,0.809212755881925,0.8330916432183196,0.8164479477079072,0.8646262155832659,0.8127484676904168,0.954741443112869,0.9010514748419541,0.9520680587201936,0.7647390163900216
0.33333,0.866933202813335,1.0503619962470752,0.9709180320362343,1.011132702942854,0.8830650767730482,1.0213635369837084,1.1066042085801653,0.7319059347707587,0.6929236815465549,0.9659963472869952,1.083114608550337,0.9746898116517605,0.8238465135201899,0.8128502608756661,0.9198339078159709,0.6999289746385994,1.0137444225425003,0.873424440920344,0.898431175662437,0.9398263196785356,0.8606286640239613,0.7069281348348114,0.8038066464942089,0.7827899349663432,0.8248154455984713,0.9699343250375679,0.9092770793982692,0.9655925128138712,0.8856736551744574,0.7134165838644534
0.33333,0.7985811648940986,0.7608550377726104,0.8139704920683372,0.8859886822048466,0.8070369074287078,0.7595236253124379,1.2445955804037312,1.0711231782380146,0.8473159948711176,1.0003461759194854,0.8214906193105267,0.9842077179070263,0.9110258702271934,0.8391357893252023,1.159762332663048,1.1174961664009369,0.8803190963379829,0.8713012822515142,0.9688193820968839,0.946287813016927,1.092365400320355,0.9525227344324976,0.9832521985696553,0.7377646775344167,0.838819109133043,0.8193064473098218,0.8051193946502286,0.8518505137281439,0.8942414076280615,0.7659661279506488
0.55555,0.9850022511729353,1.3096270012950346,0.8487069728875462,0.9546044967674155,0.86312239611057,1.1090848616024558,0.9709898918953385,1.2633065610890732,0.848478714054459,1.687570625447188,1.0117509506606166,1.1822915938269771,1.092606636258883,1.0064440467175773,0.8039377685192653,0.9088661330801681,1.2504017081617935,0.90931064354353,1.2987869757713277,1.5142237787062969,1.1822135084130676,0.8686814103272014,1.039902353036731,0.9211287335203328,1.0753947375362536,1.3824097712464443,0.9260887795968904,1.088152106532602,1.1648466112989426,0.8140412057611576
0.55555,1.138472588609806,1.3475807312310897,1.207886741930618,0.9652531016648603,0.9234728926431983,0.8618919058900517,1.4355477136996906,0.8771692067878534,0.9861710694042594,1.3626106764604955,1.036693396484024,1.0373393268449544,1.0082673561344673,1.0203260366868114,1.237271723930743,0.9921444459702276,1.552019895330081,0.9579356471965383,0.8536748724768032,1.017700753942673,1.0132408185639163,1.0370357564465298,1.2880928486980954,0.9930862437087538,1.2068110585778349,1.1323318113605296,1.0134565066323182,1.2609475505331191,0.9523820394210852,1.0336591473305838
0.55555,0.9997291183615999,1.3148765662880881,1.0821078808374354,1.2800590801999332,1.1271860818970527,1.4292906563837542,1.1193573891507913,0.832504751042158,0.9366885399491554,0.9799956442785394,0.7734888110061681,0.8032970327089688,1.1425435946767486,1.3836438185205524,0.9124335516738528,0.9953974785528787,1.2678105190562676,0.9899620332890487,1.1383480988019643,1.1074411891737663,1.1933913275812214,1.2411972120717942,1.0147994383079542,1.0317117563645473,1.0735320193089561,1.3020255763114885,1.0126326137338066,1.2613607571126333,1.1948173057760552,0.9042888514279525
0.55555,1.2932845077850788,1.0095204837371259,0.9758501236757186,0.9999170281420704,1.2360965761844507,1.1382503028264412,1.170200428202857,0.9813550583452068,1.2962018694103703,0.9614953669432351,1.1612254311886714,1.2362361935364186,0.9282579723354782,1.3386677085834668,1.140906189089599,0.9897309847029315,0.8397059143875514,1.1091769206507267,1.3776109067023135,0.9568131323698845,0.9897757907403653,0.9448323117052816,0.8502905056625547,1.2346061850761223,1.0863875357677686,1.0527776473574333,1.294194209870063,1.0382100102308283,1.055066873774173,1.2718249267390154
0.55555,1.2888146730867869,0.9171557968489586,0.9429264141588906,1.0568719524821162,1.0228753346732717,1.3482127482688555,0.9846727983569173,0.7553004573007508,1.310500206599972,1.0534616192110053,1.125303879701063,1.1244299012583927,1.2818791039491988,1.1794187388206128,0.9826554196047323,0.7500427232342808,1.2215980379342801,1.0981635525208528,1.2069324360705855,1.4198110449512182,0.9681398216785271,1.234131226467682,1.0752274666844996,1.155376370589178,1.0597158730773426,1.251504584039129,1.1487279493903078,1.1169873704051725,1.3721302731725162,0.8440656939754391
0.55555,1.1014600146417126,0.8436832642855339,0.9766628660180825,0.7583631911478681,0.9577476156730167,0.861528871256701,0.9742008960466043,1.0705719754552108,1.1832403085364784,1.1158831764909367,0.9497267618813955,1.0240217583572777,1.0825553874664866,0.776526515602951,0.8783736458112276,0.8323934808208476,1.0301616954848711,1.009176712180595,0.8602198028846674,0.9917518572726228,1.0762916359063917,1.0381166636701853,1.250374319674413,1.0110013143453873,0.9757245771895714,1.0690124026488295,1.0982946997564897,1.0822716775334513,1.2047776616912993,1.2241648525017879
0.55555,0.7260592861862432,0.9244115567739749,1.0278627055128284,0.8900435795289938,1.038398464164794,0.9782513081853833,0.9916063688812451,0.8299927641188645,1.0655406100811773,1.2904415640359082,1.2600704284798405,0.7975219978307625,1.0375772969154275,0.8871380475428003,0.9414263768741724,1.0609806678577482,0.9765747118075917,0.8564807919264685,1.189801356551206,0.8450829100399179,0.9867193004540874,1.0591274900850927,0.9884389577229927,1.4696906682714426,0.9730631489976482,0.9865095766967246,1.3087176390345936,1.4498762665066536,1.0591361427915422,0.7377362913261489
0.55555,0.9482941913592838,0.9070770231892075,1.3049364191015669,1.0917308201884868,1.1929337924126007,1.099298070694499,1.050575272495119,1.0969526088336978,1.2550925861245976,0.9434899476758986,1.1138911176640316,0.9941989915644107,0.7589704587968458,0.9880661097010658,0.8257835021255064,0.9160252372251172,1.0627582296781826,1.171807977103165,0.8483233352025394,0.9460732602517811,1.0689037107625345,1.0569692098395302,0.960124451138327,0.9662162534296242,1.1845097747722246,0.9517646856853659,0.9801750160554068,1.000798610543728,0.8661434519536337,1.043385043349211
0.55555,1.0789355814734243,1.2110770644155562,0.8588345740479439,1.1712256521441489,0.7660505750495356,1.125085910385493,0.9051942649347653,1.1638768307575036,1.0800591048313288,0.928703415944454,1.3405202340414355,1.11180458419102,0.8698870978910409,0.9078808300982556,0.983007823637854,1.5642835531644022,1.0888708412198065,1.1895130046748759,0.9516086978045074,0.8329148711548665,1.0239803148742168,0.8577418815353439,1.2714108865237392,0.9218193468734599,1.0587813654109046,1.35923059548551,1.161194096290297,1.4811926322315991,1.0037173399897854,1.1818189148941711
0.55555,1.5518868192573139,1.13294054908262,0.9226488592861379,1.1091847049631758,1.3338570207904983,1.1947279305376912,1.0955191913187998,0.9545202924108291,1.0744763798700552,1.180161655219945,0.8931617839281623,1.172502271445155,1.1602998989863036,1.2034693579984466,0.9572376349959377,1.0803716316227003,1.1828260944262998,1.2574163996665406,0.7734694298476267,1.5495738621249138,0.8722164844114335,0.7553580582502423,1.0203214314045015,1.015057448067682,1.0523315010760355,1.0196216784845091,1.1485778963782383,1.314742022134343,1.152306593562816,1.3064040443955014
0.55555,0.9826169761814713,1.3551414747568897,0.9716238233777064,1.3150861918358752,1.404583834734692,1.2830297600827947,1.3163257325406983,1.240214655832303,1.2065883702017242,1.1892194345278273,1.0455096134914785,0.7633175221351821,0.8537695427992771,1.2603610291858174,0.9857365612871284,0.8972779789872064,1.1540525690085863,0.9515449793403423,0.956392531066824,0.9024525965081897,0.7444544937295929,0.9845457466760815,1.0267448195545044,0.9537176371696381,1.1371592895310736,0.9230291219895527,1.0455374154727979,0.9406128096545624,1.1109186058979421,0.9424883901434237
0.55555,0.9716608014149434,1.0782069195966635,1.3308686961046796,1.2120545716980846,1.2972515027751468,1.122960122308351,1.1749843412821748,1.1422674924426452,1.1830006418891266,1.000138188361259,1.2024146596473906,1.0753743433753173,1.3013094676281547,1.0721094689640787,1.1013357721732973,1.620406960433453,1.3441611994687706,1.0956462588710802,1.010207723270702,1.2298691572280527,1.4785954170322653,0.9660359410082955,1.2533267766164098,0.8528279181796783,0.9939115226448891,1.4574551277565704,1.1012179031057787,1.0644921682522785,0.8647818344102368,1.0232261380921899
0.55555,0.9849557510906869,1.2255687291449489,1.0146434901792465,1.050726894150349,1.0317700704822546,1.0874197389187126,1.1688429960053797,1.1279971551224233,0.8629638292853364,0.8009299163419026,0.9880024306595738,1.0993697673799796,0.8429193430459543,1.0760915807752043,0.8565506773857953,0.9188330600221786,1.245437026004246,1.063463741309936,1.2743726132237596,1.0165056237667776,1.0751388198617866,1.1952753174350585,0.8240696660573262,1.0292782004432353,1.114924735974377,0.9458282896676578,0.8881403973385601,1.06739525463086,1.2051978817121156,1.2484946171931803
0.55555,0.8279966855018217,1.0842326054448743,0.8737078037601571,1.15368302796711,1.1275657895926148,1.0603006447777987,1.0573139242208434,1.1705075021911029,0.8559526551590669,0.9012980252653162,1.7176003652093836,1.1263754033176454,1.0369832601958675,1.1036627537581725,0.7771497075086299,1.2270095455129963,1.2290121331027273,1.1244805520586365,1.2007460807001407,1.0315186328924153,1.0706519706418074,1.0579816518201508,1.2676220757581897,1.056883381336858,1.1781848178326546,1.3691562223536196,1.1527018025837588,0.9325677378480064,1.2592544724653871,1.3185760036702971
0.55555,0.8785439977280689,1.1181365428244951,1.2245309561400768,1.1107129524730035,0.9639140050536191,0.9801270382154973,1.2100900905838696,1.086542853623954,1.1691207104840318,0.9082987247671931,0.8702306477893146,0.9856728364172067,1.336136184826599,1.4002708752471473,1.1566140913296197,1.21874265477346,1.2013631601956825,1.0581844710736734,0.9478709615268596,0.9503490355930978,0.7946342697851587,1.0642041857985112,0.9567540134464503,1.1481895777710647,1.2192483733589423,0.8689710199565243,0.9011178661704707,0.9456270717749816,0.9156929376189964,0.9737111864461564
0.55555,0.9178245487240592,1.141657783485612,0.8823931089844834,1.1124927064628152,0.9608172259298454,1.370281951718102,1.3370645710562175,1.0221066448215101,0.8364955965540538,0.779340415416743,0.8286523846750891,0.9834509069497395,1.0585187883675868,0.9005949614767806,1.1307589826749502,1.2236026284574701,0.864995622618771,0.9201154569937916,1.3791611342585293,1.2035164107326135,1.177710741364497,0.9923460173760188,0.9530283972841879,1.0806762829927639,1.019727065773781,1.0197092001458292,0.971466131711977,0.8754025250758388,1.3886552240525445,1.1997939370523798
0.55555,0.961925075697208,0.8541741595198535,0.9140318132947549,1.0516158714221715,1.271240855472693,1.2508288374803391,0.9491884611092145,0.906379943774262,0.6581671566366909,0.9606123127125922,1.1866644978529912,1.0919928870411664,1.0317433526571593,1.2591498765788312,1.2704338306072884,0.9265746985096376,1.277750547232805,1.203706737175434,0.9809670561247142,1.2223495629323269,0.9437554470755292,1.2816044039823344,1.2112023739565718,1.1122971090558136,1.3118499134754043,1.4612811430742083,0.8939583378889425,1.081627604188904,0.9316923947350232,0.9121252159628597
0.55555,1.0747828109300674,1.474764033676181,1.115993750996357,1.527610245624243,1.1284789931204071,1.0628516919605018,1.0706788376713003,1.0155127070824945,1.0034620493408772,1.2471638439553472,1.2122827508959217,1.0373918867562402,1.087275109771745,1.3063303667199522,0.9866634591886279,1.10632330441364,1.1180840150825246,0.8910559551609738,0.9996564316820302,0.8727625325018016,1.0330486543235273,0.7477195182967326,0.7344915791807951,0.9911093705716385,0.839797615272142,0.8755142210139101,1.108758720331978,0.951880105202406,1.0108702453725122,0.7446915122032849
0.55555,1.3102201425410533,1.1589210517890658,1.1744166407400203,1.121766297064101,1.152542224367151,1.109794577337532,1.1492679677078752,1.071027886420217,1.2088715349075545,1.028444316564076,1.327994746367902,1.1545492583927848,1.0488324574159296,1.0345482679211961,1.414683943514682,1.2906159737818366,1.259433536668127,0.9738741918147648,1.0426737089043987,1.0403847742709356,0.9733857404314891,1.1127732742291172,1.0467977309649414,1.0919587118171017,1.2057346966257434,1.2759857009505429,1.062557973656346,0.8968175588862787,1.242152740655265,0.9377473723592078
0.55555,1.1202965950707133,1.1242508301534824,0.8703487247466025,1.0504657049954442,1.0360279857169585,1.0419481533659607,1.5621656262332808,1.0296022415247585,1.3257666843627978,1.3545904721611652,1.292240657593138,1.066158705041039,1.1733940294134086,0.8238404420464222,0.9809729506061027,1.0504624111974854,1.0001430642181544,1.1204294002392192,1.1154165032619758,1.0832081261665665,1.0338706925227756,1.0208584607468467,1.1582301097948537,1.3256986993385276,1.1594207957023357,1.1106894448909654,0.9989803964525413,1.2508781156090034,1.2170431126858732,1.0878024660248513
0.55555,0.8793235120187718,1.2551898014416705,1.081396813751459,1.1800900657216689,0.8914402448629906,1.0953550887983312,1.0179727398046263,1.100932439090138,1.2302300626492226,1.3805690918799423,0.9806045133588467,1.1145397121914502,1.188605379447595,1.0952330136948099,1.2051462458292144,0.9707001970174576,0.9802372503757343,0.9019649778612927,1.1707462606903052,0.9520776297327563,1.0665077981598392,1.101309681027965,1.245128285655581,1.039423505266243,0.8471057867873494,0.8970861748402272,0.7793876818785958,1.304120960137335,1.1657243273016062,1.167945472987868
0.55555,0.7958591127546222,1.1678803766992008,0.9577807145748531,1.1012545541897936,1.2595538465843696,1.109597281712068,1.251060165737192,0.8922702770190398,1.0275841888507902,1.1020050610701162,1.349512283811878,1.0781484395900136,1.1732003609673693,0.9509078021247414,0.8547357340793738,1.3552795450991186,1.2734650752773888,1.4747517068015692,1.0932002160694045,1.0175496645631938,1.0282610950981672,1.1774514782421737,0.875360205679488,1.3032667313907942,1.1919009992750385,1.1205740397179722,1.3490503703786607,1.0218031514295682,1.177274730886648,0.8878213005729335
0.55555,1.4929509103732883,1.4965773730910528,1.2722764484876672,1.0742113387114607,0.9951493935639991,1.2576249388944385,0.966120848523993,0.9016587621982229,0.9775209227602241,1.1129814843199064,1.3451514391510138,0.9361450633650042,0.8730287202490422,1.0108655006908753,1.1197624272270517,1.1845114277506736,1.4204999883528446,0.9669828299414424,0.9821817169205174,1.1433728759088466,1.2935345163686494,1.2032814037189967,1.0668364469153104,0.8298384482635078,1.002204808674783,1.1539902055730424,1.1837498845680712,1.4703165887778833,1.0464534289823146,1.1345620978397855
0.55555,1.412918484531477,1.26498803603713,1.156993602761935,1.407514026872367,1.455382069076842,1.1047151930260883,1.1840436568631982,1.0437487943475483,0.9140360356539882,1.214670813543658,1.259957530617676,1.3234073732280671,1.1466224101890161,0.9849521086096141,1.0777359106807705,1.1952911810105662,1.3302876499785112,1.1773419309806972,1.1226966418636521,1.4252389685529026,1.1472049443695547,0.9849278723936854,1.1245169920348728,0.8545032438734544,1.144416994986069,1.4772643531645624,1.0866612772678605,0.8099530814821624,0.9549225170017734,1.1457656286864342
0.55555,0.9937683029118763,0.9587405026836423,0.7566504790995893,0.8740639072455566,1.11048506217012,1.4836716838015034,1.046693847165802,1.550165910777185,1.7861120465289464,1.4352992125306039,1.5959959311572058,0.9093883308675555,0.8336562299135005,0.9381193327307241,1.1691570398932305,1.0298141492300152,1.025502465287891,1.0603336465882764,0.9486566467996933,1.0584685544325083,1.1117612005858915,1.01327103586726,1.1998410536798436,0.9334788436207291,0.9445663073173478,1.0734721626116484,1.0704877157897479,0.9146717077043525,0.9272432260643313,1.3817615955478235
0.55555,1.0323703368786457,0.9432453390551307,0.9232662890206182,0.8549085811007923,1.156551634867523,1.178938669801687,1.1331556725944407,0.8949426046133471,1.0159795425393707,1.3358568265880941,1.073515988964431,1.1707131202777268,1.3218792826977288,0.925846155881596,0.8735852824558884,1.072193407229447,1.0251257637748064,1.1423563099739347,1.1670924049629359,1.2653012919165745,1.1514810677444631,1.0531849456391738,0.9121737163269701,1.8621701328506999,1.2158984869887408,1.2555486271665073,1.15367783495953,1.0416914386672558,1.1708339609764293,1.2199895522782152
0.55555,0.8671364928254394,1.2936363269930973,0.9358677508317313,0.951533745170083,0.8980881930122471,1.1715893014595262,1.14680655528061,1.2108510984455612,1.2363028008478325,0.7931754627829474,1.0939813367112705,1.3256277695238547,1.1999905083000044,1.3315804716482726,1.0821409833586066,0.7281131156920757,0.9079372771891638,1.0216579394232495,1.3805765700209096,1.5717357079768242,0.9843906901683144,1.2093526245973116,1.1111734904064425,0.8762770469967252,1.2237752883446653,0.9715924152503277,1.0029251904559402,1.2155514714676554,1.2330945701635412,1.347473458800374
0.55555,1.0446467238691985,0.8555994731890759,0.9619901916332151,1.0510089726635894,0.8351965838683584,1.2515024341552232,0.8270507433407623,1.0372329874117892,1.3926997591796093,1.211598106643461,1.0686683409949806,1.0501329686617569,1.1039461126444328,0.9033185662269496,1.293527707935196,0.9957942724499238,1.1562441962750338,1.0869671604120485,0.94345789682089,1.3924992570151213,1.4784346397795132,1.2885474167898756,1.321209987574205,1.1251269791260248,0.8504947095945332,1.2420406160693063,1.07893924156616,0.9582173150624007,1.039437110543031,1.0234748870722603
0.11111,0.8477626586648445,0.6167079753214747,0.6489150565608186,0.696652782310016,0.7133235072703952,0.8909520606882768,0.8754922986472797,0.8289263924680312,0.737783243948394,0.7818828759219273,0.7657848162312013,0.6763118460047983,0.578296397257688,0.7100237057246064,0.7421795971288734,0.7558638305520735,0.9765112575138909,0.824605092093155,0.7956287238990529,0.9133926941763587,0.8247917011508059,0.7677095881351919,0.8334783973533877,0.7928654879752834,0.7542635176868625,0.6593073709773775,0.6305408752803086,0.7932946578376772,0.741187300824188,0.7019320849209609
0.11111,0.6636514494234312,0.7052311395044609,0.8150125228442767,0.7386114672020232,0.5977137867056012,0.7987109775985265,0.7395068861505287,0.9037362527421683,0.811376548181779,0.6474251556417376,0.7477501183651876,0.6603923210107905,0.6964284500943001,0.5907003872721678,0.7568581666257344,0.7586679306634458,0.7859275583749336,0.7537806058681947,0.75407799909286,0.7861697916812789,0.7118505143459188,0.7811408283721989,0.6595242341637132,0.8003514415847492,0.6919205313130906,0.6562006376847016,0.6802667374894049,0.7814404944247247,0.6874066702848957,1.0812774767555398
0.11111,1.0030600680354536,0.6376498046520126,0.6303100039339341,0.5925695208584764,0.7752616624102966,0.7987719848672525,0.8029705549073536,0.7271728777329629,0.7194894529002271,0.6891671058417047,0.6563458607298925,0.656066292230882,0.7203680059085301,0.8952215063411091,0.752780631461792,0.84203696859167,0.8385560489454859,0.9360740970435576,0.8749981544264456,0.9236553251508329,0.9084217070311765,0.7539892989396371,0.7820887984442807,0.7883862112676435,0.8364868436914972,0.8011033396805363,0.6558390030685464,0.9023773451941394,1.063743244489421,0.7782670807719777
0.11111,0.6768576953028277,0.6312943596035812,0.6872156990383093,0.599355160312344,0.6885505661300654,0.8508738796905051,0.6799435343399675,0.6232258774274437,0.8357214539980159,0.7327417197483854,0.8653526943330088,0.8738806613408404,0.5524938522500127,0.627666575240346,0.7841042527016822,0.8589805503856084,0.7731735032771897,0.5521671217500813,0.559503494971482,0.8098323605442383,0.7315498105430192,0.7593822523748928,0.5812787871694794,0.6952222507022129,0.6802794634877457,0.6559975738363472,0.7319358734738961,0.9082863675587076,0.7376661131001316,0.5894389844500358
0.11111,0.6345843233107799,0.7060502819676189,0.7395847447744404,0.9449418686386538,0.6966069591110973,0.6674873047733648,0.6727575403548292,0.840842893832179,0.6106485629466142,0.6021731432736996,0.9213541139718804,0.6251086803905251,0.8274182076683531,0.7816374469711089,0.6364041502351021,0.7438912616164585,0.9368196237074893,0.7293849344301174,0.6143486054401358,0.8376623076939772,0.7302628206892352,0.6110700057726479,0.7186587440724164,0.9387815833910554,1.0252383585997662,0.6620632917762422,0.7611029681269523,0.7560073096697573,0.7626523548990368,0.7181340470748252
0.11111,0.5905377979645383,0.6389887184829942,0.6341579722609438,0.8334331350158855,0.8019320976364896,0.752130762562904,0.7540769205392125,0.7652076101176761,1.0887947981565624,1.014777660017711,0.8088320652774359,0.6735403421717167,0.8468191411002675,0.6927109654438187,0.7543073614711259,0.795126553080314,0.6879854007227908,0.6326645500145226,0.8685912992307185,0.5871746748127474,0.8398219088296044,0.8724635978894203,0.6967832781977819,1.032005477447007,0.7137484784833679,0.7894414370316396,0.6163260180992267,0.583208777630326,0.8281908244974328,1.0233022922574666
0.11111,0.6872155161464983,0.843591154508017,0.990811516403224,0.8880968726632791,0.5358519112074821,0.8672293250300191,0.8138679933609616,0.6757898958370174,0.7652376943689838,0.6860690878819692,0.7278926308650863,0.9451970966620341,1.0084575916611034,0.7131645084465493,0.6641926426203225,0.6148397256340659,0.6217933220965973,0.728881257318279,0.6424509478448719,0.6365832511264112,0.6268860157877373,0.5782165974739397,0.7328488821875886,0.8118065172848937,0.641879270039465,0.6746706023137944,0.8099165991618253,0.8506609920016343,0.9128873329363003,0.7419033721672152
0.11111,0.9548477467885713,0.8051292513320765,0.7156202405807085,0.6949429586299345,0.8875389008436869,0.6106658181841614,0.666297720543152,0.96226461460806,0.7286608754965144,0.5473966369249662,0.6741835383157805,0.7088789585169587,0.9247011276012058,0.9242063522460389,0.5807009629375501,0.6971239399024386,0.7611083780494798,0.6064174134408303,0.9198221764391745,0.6217866091356526,0.6703514586370015,0.6389185351651889,0.8335330150191358,0.9083809670258389,0.8630359137548083,0.8894355432052387,0.675725727882355,0.6949425800326574,0.910906337943333,0.7221358914028516
0.11111,0.8329244863294406,0.7679785706068512,0.6776812400979904,0.5686884736942092,0.7866038861539575,0.7440865607461733,0.8565712944771008,0.6884359294736755,0.6040145417338367,0.8062813206672171,0.8158469192906385,0.7356600150143808,0.6831081115987068,0.6351155370188805,0.5823574287767393,0.7183401775929785,0.7715942933628248,1.1140556553942689,0.9030510741667406,0.8684040114838486,0.5083578706064303,0.7413842057223535,0.8079586167913634,0.8290403604800725,0.5340388381746083,0.8281073681014965,0.7865986680257793,0.7141282923362429,0.876174353053635,0.8616039474336107
0.11111,0.8828613493236154,0.5715774263933766,0.9664451553915119,0.6808024182551412,0.5739978923766156,0.7903092480952338,0.6124963695914957,0.5706358652217487,0.7911239563168591,0.7879442080813838,0.9341667548873497,0.8461774443803463,1.0290639499963679,0.6313304388914408,0.5972423912766555,0.6855666027519478,0.6988501486311108,0.7739574099180643,0.8631202690872803,0.7809298637699459,0.762906669344602,0.9705650985172468,0.6868959406736285,0.8233545218906319,0.8883204861804177,0.7767749197314767,0.7662817899706266,0.6884421546501024,0.8279834159022501,0.6447623611275916
0.11111,1.0082843355728681,0.543524610732545,0.6515760516994523,0.754874792340085,0.7518761559281202,0.6105357709866206,0.6389900142819115,0.820836695722715,0.657853481896563,0.7946378847647549,0.7426985503562665,0.7140002342323207,0.7670548432726636,0.7831409048779245,0.8992396252123204,0.7918313959608771,0.5971045541239786,0.6946683454280932,0.7292161329128557,0.8230814691011823,0.9112590664231804,0.6401832498062678,0.5540868764986445,0.656168125097573,0.7482244198998409,0.7621701069829658,0.7013517489210906,0.6675076345812171,0.8071017598112801,0.7913598324157377
0.11111,0.6553506219384552,0.6782204759566338,0.64634873921221,0.7044265735889588,0.698556416288459,0.8233110717844483,0.7963961147502815,1.0265173391798634,0.658861947924927,0.7006717158289533,0.8937959516375328,0.9163914713491609,0.6599784082134311,0.9402026016331637,0.8238728549875892,0.7442556802715143,0.7170923089340241,0.6587767099690427,0.7648740171189672,0.818482571323983,0.7836923010469191,0.6213137234824803,0.7228194169701629,0.6554484095517789,0.8173587708479968,0.7488514954575675,0.7477674906462939,0.9045015701840166,0.6237775057684344,0.7765943785831348
0.11111,0.7986355706543046,0.6779486867189585,0.5489614631160468,0.7751156865280479,0.8503189643405772,0.73700401712294,0.8571327923948722,0.6549193283399534,0.6115636618500861,0.4576059456044063,0.8612342881219839,0.8350134470566349,0.8228239177479847,0.7650832018312338,0.886823622966745,0.6143479875308707,0.6482202305916861,0.6054868394906933,0.7497575380674962,0.8590484614045913,0.9362130021541232,0.7907279302996277,0.7624896799457817,0.7054838221766729,0.9256638385731596,0.8017230169309076,0.6709727283410222,0.8483050512828373,0.8202056096251321,0.8921825701195335
0.11111,0.6439815246550041,0.7582573588806881,0.7664214476227275,0.8511351225118483,0.5429790503688852,0.6157799953995438,0.5921634170521048,0.801685977197382,0.6856926633344168,0.9230378507356717,0.9568673293684988,0.8079523693126306,0.8377980369903276,0.720955112973858,0.7892296716578809,0.5867026693897581,0.5695455205761023,0.7053830375446348,0.5915338534819296,0.7625658701075935,0.7926647394155085,0.9682649350887906,1.0389716518292245,0.8805899990000952,0.5978021889616463,0.7248555171951425,0.6139883511900036,0.8136577032215432,0.8112450188951076,0.7873765537217725
0.11111,0.8401533411218588,0.600767942943325,0.5274513511083694,0.6139573104724135,0.8777734025177975,0.9138241401300278,0.9152072460052048,0.642380061843339,0.6542572765924396,0.691670734347052,0.7066651369760104,0.836962878104011,0.7768751289560961,0.6623212131399746,0.5862602206339825,0.6845331064543607,0.706759186135425,0.7392410183136968,0.8353054364930894,0.742677526964813,0.7047764158330123,0.9136874064056896,0.8151453768891456,0.7101834038961313,0.8608101289244658,0.7490451931214522,0.6968729141246119,0.4521090814573769,1.054522517841711,0.6472946101449796
0.11111,0.80905095335011,0.9633514973004705,0.7865713397075921,0.8881162012484104,0.7141725154062031,0.889734661182743,0.6306034888761457,0.7162397272931801,0.7511211275104692,0.8887502542792659,0.9080700430364909,0.7931220960184123,0.6460278134347495,0.7305836641803624,0.6319740702702942,0.5848670399326302,0.8436389649524231,0.8684285330114764,1.1798230310863838,0.7807602699878704,0.6125474510723313,0.8427485774083829,0.7121086956178189,0.6433200686810006,0.7324132739315292,0.720471764092031,1.1018448077696223,0.7065179377673112,0.8607682196691501,0.5687830189282198
0.11111,0.7347957528001801,0.6879371033841895,0.7728137813330025,0.8598183015613473,0.833197435176458,0.6587367084637413,0.7189102340177863,0.7337188279667947,0.9735174701914978,0.8905340435984114,0.7789328376332226,0.6558606749438834,0.6908458831973435,0.6369038534218707,0.6080666068635495,0.7441433743311496,0.6688010903081,0.6950500531265484,0.6942875288109154,1.050635979620189,0.6475651481500854,0.8631370589322028,0.6829069921700806,0.6366335622672105,0.9040733187166721,0.8828485762569467,0.7850071997441862,0.7367281191906515,0.8063118918860291,0.695129210651643
0.11111,0.5709445707348216,0.6439520611985332,0.6765527121451446,0.7696149939527551,0.6889976262839074,0.9763326593415406,0.6911522258192416,0.8246635716545013,1.070490428724922,0.8166957132880657,0.6632730744361126,0.7015085191773788,1.025362409863088,0.7153887150856186,0.6213671150328497,0.7059165199813084,0.6523303850758108,0.5659142574378248,0.6070292337470167,0.778546761622452,0.6200412067834263,0.6063953861546005,0.7642258494215058,0.7024543742829548,0.7579312889398266,0.8066254952996283,0.8511205082338547,0.9228678862468039,0.7647472192784153,0.9259012164262571
0.11111,0.9082825609487422,0.9185648912893212,0.6738828834794095,0.7508904572972577,0.7687573050931129,0.7185585193397868,0.7693926990055633,0.7352238983719375,0.8079637171089257,0.8365630579947638,0.8978632183398624,0.6857189664149576,0.6157511228549319,1.0291158449591855,0.7602927413588596,0.6347701011286535,0.5869545804019428,0.9761642901467387,0.7718553765366876,0.8848349517691424,0.7190718005343594,0.6809853819323884,0.7612446718107734,0.6881068405246334,0.8149510392615654,0.7713607819625226,0.943825102123703,0.6782502371833058,0.8141033836037365,0.8074751523701246
0.11111,0.807631943865423,0.5272757363986353,0.5347729593503607,0.7177385006698271,0.6849473321263361,0.7079047847839779,0.917816623667729,0.6492961513262003,0.694466437943143,0.6743603876353491,0.7633294060272726,0.6672354043647726,0.6369909641996284,0.83413487882854,0.6947161653276259,0.6777577474498715,0.7502657358674454,0.780839381403759,0.6468245833675345,0.5630034447064363,0.6868437467691653,0.8639288318147418,1.183005657844965,0.6824843441598557,0.8555663270326215,0.7404888767108541,0.45906058015514617,0.6591846650245823,0.7199044890442515,0.7554667651458419
0.11111,0.8619886310167119,0.9746686199020492,0.8346073483232327,0.5727843295683133,0.557692833527625,0.6386840945657347,0.6382432924468512,0.5677793221965085,0.8827907726119394,0.7184820220320846,0.7659727324797924,0.7490611276494762,0.9410461150838219,0.9932479091676943,0.7423348695351574,0.8772292129944816,0.7953721018338442,0.858082704180137,0.7566354802097685,0.749775822975575,0.8645493781176626,0.8990565990495202,0.7112857682192935,0.6303926083622626,0.7326597136724432,0.8612751432612437,0.7732040604363394,0.8477622296353592,0.7367929280396462,0.6974025632653477
0.11111,0.7213924392941047,0.9064060251563646,0.8211246589074054,0.5953917280428838,0.7457857442396495,0.6632636249689391,0.769664483346781,0.8505632164475276,0.6078471921217359,0.7718721994524813,0.9286974703305446,0.7495995667711616,0.6512400102055277,0.8088982454609338,0.7711915015952729,0.6535798025797335,0.648591594571698,0.683735137335478,0.7382797301911742,0.6615879526319093,0.5869507890532877,0.6244684051715409,0.7623482775433259,0.6854323216441669,0.6564408915709512,0.8304495317080072,0.7204962429009368,0.7625887963515625,0.7290623173885008,0.9377884229891532
0.11111,0.8329010364205831,0.7009429852614689,0.7974386075475016,0.5722958755777949,0.7403620969829084,0.6505714852389096,0.7439661526962981,0.6016491376280584,0.7054069712232451,0.842392974607318,0.7419850431268696,0.7507620922056523,0.8361982608344204,0.6257466831945382,0.4974405518369117,0.6833663598312559,0.691786750291018,0.5921263498640165,0.9229041104884831,0.7484529539043315,0.7889774836183063,0.6701608944876635,1.0273790329278552,0.7122971310503439,0.5809166669013469,0.5391504319699822,0.5714947703087316,0.7308830807127047,0.8588045279574892,0.764032429888305
0.11111,0.8699437303793182,0.7149891425287881,0.6929266105410955,0.6909833599152185,0.6850635099854492,0.7647590008635181,0.8589123055054879,0.639722710037595,0.6188255585558796,0.9149425078316903,0.5415231899185419,0.6677074196207328,0.8127856554483137,0.792111757567131,0.6835759793561665,0.8322250625948355,0.9866676766919611,0.9847593115707638,0.8869750502183117,0.8442575609231069,0.6546733453737018,0.6976281501790662,0.6149373646950937,0.6132145295942346,0.8564746415356742,0.555644033609936,0.7941775897519051,0.7745097497795994,0.5819990327615454,0.7661247732721569
0.11111,0.6543308235668023,0.7663680877148453,0.7959467088746305,0.6481256498668435,0.6570446160059237,0.745404520374932,0.6941545356283771,1.0282403609110562,0.6993346426308599,0.8416737731868384,0.7265866351137029,1.0814156991975603,0.7122442347372775,0.6666148832019526,0.6961183919025705,0.9017216200150502,0.6275868321003678,0.8471953920187782,0.8186332830891919,0.7457674989760126,0.714040059416944,0.8687844355505522,0.815718362086509,0.9857001646212097,0.6856468583106783,0.7913931191759227,0.75713430877277,0.71512315680618,0.6845703907481877,0.68347841178142
0.11111,0.9637222144774786,0.6616721357967102,0.7200717288911402,0.5914757127345922,0.8088376501329334,1.05014988831134,0.7829535348046364,0.747620477794355,0.8058787497727072,0.6403533167268273,0.7174916541708009,0.6251447907741734,0.7343073095309777,0.8612897690958491,0.8356643422361963,0.7639562396861247,0.8701755498156727,0.8012335562939645,0.7079841202495475,0.8688999766126831,0.6905520915960802,0.8177905999970161,0.8246666933614577,0.9039410729258258,0.8441805728249183,0.7057744500043954,0.7599068331070316,0.7019950585553961,0.6625489214636898,0.8374030460437898
0.11111,0.9965990856646293,0.8483263269692397,0.8232560539967991,0.5527432072555242,0.6080094706194827,0.7613969081708651,0.7581660524575087,0.826604165081563,0.9327568133099727,0.8798142945697268,0.6821979241894381,0.7931982258607069,1.0885494763097783,0.7446567202956444,0.5634835643666286,0.5965707718054867,0.642674895687185,0.765212664568669,0.7766692766197834,0.6396289163948468,0.6975050310153542,0.757725079975531,0.9053648003602656,0.857146497759756,0.7515754447952107,0.6479209428518117,0.6284569160280153,0.7063780749854196,0.6611348643731709,0.6108865716217975
0.11111,0.5824535574111668,0.6761320662269089,0.9694034199465319,0.9426813251514441,0.6735967277910425,0.5623797649959649,0.8154763747559646,0.7525960839154157,0.5915626858113169,0.6764684240961072,0.7727432748818506,0.6766416930015585,0.9190989330532002,0.8236646755439956,0.8606834116950686,0.6838079288305259,0.8953403538346157,0.703835007724901,0.7739173328374013,0.6261789520454869,0.7095655929244434,0.8531515934757963,0.7895242906919372,0.7083328528087742,0.7285194830314076,0.7367766559658286,0.7627422506678126,0.7225619286063478,0.7621381737446944,1.1005157298870565
0.22222,0.913546988288156,0.8796238135494646,0.8434324266847247,1.0081054705104955,0.7641934040658716,0.8075990560981268,0.7338685823567879,0.8561493057392635,0.7725835378289309,0.9541008289919525,1.1868638455127989,0.8820706745959559,0.9385327557149163,0.7888723044061443,0.8301412270510261,0.7277188312255074,0.7896816542444836,1.077848600820767,1.0133041217533851,0.891066918544644,0.9444201555352582,0.6496513138691691,0.9007156322729765,0.7826800269173984,0.8951328856701203,0.8992229652946144,0.8302769738377516,0.8147556927434345,0.9550969968726859,0.8282115556738636,0.818651247695597,1.1791199024538557,1.1289637532093793,0.9061120386771506,0.5872420622301925,0.8546652927376861,0.710525830472275,0.6398236395293911,0.9538034926626733,1.0503697711698305
0.66666,1.1921622158310536,1.3038993119163662,1.3137840348348413,1.3280939356517216,1.314172361271178,1.3280666087068407,1.5045604436390498,0.9305903152382055,1.245360687619693,1.3740326197669737,1.3741080802105043,1.143363485916288,1.0838868140001985,1.1833334360746506,1.3208296303891565,1.0857750566430024,1.1823431884127538,1.181115954320181,0.9531960666439994,1.2843292194779974,0.8947586249513232,1.429077848140163,1.5883616765819786,1.0629334082059323,1.2024555896690283,1.070229919296258,1.194021001408896,1.1006229903121147,1.0933187007950187,1.3819134400296298,1.1017027888088746,1.0069896402036607,1.346481319803186,1.2211327050377745,1.1067749983736384,1.1703158761494514,1.122810360680604,1.0869139687102523,1.1230096716508555,1.0161323871361407
0.55555,1.235076031155402,1.096597597679627,1.2647624810531568,1.2644260679181647,1.1937033441208176,1.1078388788736564,0.8868436496756948,1.0476486910927807,1.4142754790643346,0.848329021343264,0.7662634451817407,1.077746664388133,0.9770351809977964,1.1473271308375697,0.9792884749247567,1.082275747519412,0.9086648525541235,1.0368847673419772,1.2109402475772584,1.1495221865264065,1.3907885765373287,0.9660092050982373,1.394485029092513,1.0092355983429182,1.1037167351723198,0.9792790534758115,1.1236122735177458,1.1392582920961216,0.9538185782702178,1.0112037573673487,1.0772008022588575,0.8756561172955988,0.9217532507434393,1.149624794476484,0.872616151029018,1.153908262458208,1.282233214105399,1.0529937364997155,1.0307046512929035,1.064946800344967
0.44444,1.0329225907780566,0.8695961455310207,0.858541085660959,1.3158453429089625,0.9856843166382956,0.8032860407968944,0.89925715108993,1.3109091664051211,0.9042121932422799,1.0736818782329762,0.9848923339495083,1.2149260378111522,1.1097371483017116,1.5847249639093643,1.4865145947354983,0.9739336521184158,0.8753728032439556,0.9684834304035866,1.289899724914459,1.0540114612074925,0.9270502059434428,1.16611861203088,0.7754167796161859,0.9327062790764691,0.9475748340454844,1.123944033129622,1.016943182612784,0.8484376041509366,0.954708835386565,0.9606650486287533,0.8554967147552452,0.9257334502881976,1.0155619503572264,0.8214409642467367,1.0565841725000098,0.989767882493872,0.8134560914222781,0.9144502809116859,0.9296969835638748,1.0654174377289471
0.0,0.6725704646882213,0.7579143255283516,0.6691777109566917,0.6417402686137113,0.7331632961709915,0.6298104399732608,0.7973193872339907,0.6780064176492737,0.7213888331817161,0.7825382453246535,0.6729717983065159,0.5174255251484063,0.8625755658960532,0.5789976369120354,0.6300485152969796,0.5386993646636117,0.509580484767874,0.5925213215532656,0.69578800170368,0.8101562841129971,0.7216522199790774,0.7871367501155845,0.8097481211260213,0.8319486847627824,0.8185835891048989,0.6157713010841547,0.726096674534839,0.8175058156753487,0.7082841047348459,0.7199839275253485,0.6942295825323871,0.7224918870552957,0.5547548825193178,0.6864582839259882,0.7757261756415659,0.6768139601594078,0.6054088614641013,0.6538957896828925,0.6259118262225636,0.6844151140759461
0.11111,0.7662294398042643,0.8433487124363795,0.6981323322452344,0.8011021245428467,0.9162121752279287,0.5489405706956325,0.6558580080796736,0.7697340238779096,0.9488314578330201,0.5474105021383996,0.6721949065516082,1.1195822617864735,0.8458566100665614,0.7743775250751477,0.9225634689432368,0.5059443942682623,0.7922008001622891,0.7709597438618669,0.6147295770696608,0.8586177555867734,0.7755800190258779,0.6792565360910271,0.9618564391775267,0.7409427732578169,0.6903975574291854,0.6510173153427558,0.7427428486302169,0.688876535576075,0.9277166663525516,0.7027221003547393,0.5896256968561254,0.7983207546560449,0.7076872803226717,0.690076713030878,0.6139372457986005,0.6694173058249155,0.6743805722143835,0.7734180800261901,0.7652915623737243,0.7388849238368367
0.88888,1.098868329382193,1.2779041643195574,1.1876866176384,1.3127603911211136,1.6168591742086271,1.4575931841153378,1.239619991892352,1.8290489883297003,1.0434704201572733,1.3589641986366923,1.3472130277207068,1.5332644725940394,1.1942989332604521,1.7758343457971197,1.5918664806926508,1.4276414920474152,1.2497868794636198,1.598928715944556,1.3340366538210156,1.2326265023352807,1.218883117617006,1.0458790601882113,1.1400499050712305,1.2628432893656025,1.2079293798499666,1.1239328259311667,1.0416866986088835,1.6174759853729281,1.7017626447275658,1.4081569136919,1.4254424372124022,1.0998654436614732,1.485203030485831,1.759121672335827,2.0893816334891016,1.3608054007806005,1.085624726072683,1.4196842484562355,1.5564400577350372,1.2917756084641816
0.77777,1.499707406585699,1.3593190809123852,1.3766888151457841,1.26340003147687,1.1851822186993843,1.602230967169469,1.6697982016626387,1.4180075194753627,1.441719085919576,1.1021436337737633,1.5850488463316217,1.2904774239735624,1.2428755151049535,1.1803574918528152,1.3189967611146658,1.513291739188227,1.2796788074331487,0.9614144275937976,1.0756951902464154,1.0728205715750194,1.551246478679283,1.4459198950722005,1.0941912730288759,1.330886312148212,1.7118383302012283,1.298695466413195,1.4173238978386762,1.2571107758199918,1.3291696853452521,1.2140253655556226,1.5138072349555638,1.6431843229484895,1.3750992443555583,1.3344321344512204,1.0300839346173067,1.165867156963986,1.338454980844605,1.07807190345836,1.0931340967000733,1.395134397080904
0.33333,0.9185724744290323,0.8469663118190324,1.1257146081479705,1.043900567924758,0.9714559228145865,0.7353962550845449,0.7892250725313033,0.8980402926066874,0.8816300592141144,1.0329275583874455,0.8876450811058841,0.9304063791466549,1.122983906419486,0.8290777097550274,0.8472712254049005,0.8631676020781007,1.0835317419708073,0.828835645281057,0.9006762775052151,1.1048957907052752,0.8321693195156303,0.7475200583131946,0.8371779085313545,0.7470321385064796,0.9267809743561249,1.0095703585805307,0.9909931851163982,1.1078917593358901,0.6615056825142785,0.8764509518021734,0.8706646955357586,0.9705052063877776,1.0814663786597247,0.8949866512558786,0.7893096058797099,0.9284282349478249,0.8909148010076104,0.9555127112988306,0.9115167904292532,0.8667039706279993
0.33333,0.9156985657633374,0.8931630342621172,0.8484464286452242,0.8076769950992535,0.8568367423732872,1.068306405510885,1.2266643742275407,0.8429086882932763,0.8091373508835975,0.880009523452017,0.9277473800874421,1.1674220764009482,0.9460817574714465,0.9441626196330039,1.150684192745901,0.7410331701308615,1.211651990291764,0.8450787854330515,1.1107593284565254,1.085665426504087,0.8396334819918214,0.715266999540674,0.748157799852358,0.9854802167541324,0.6408754395853915,0.6252204456476624,1.1364305375264605,0.9762959899335629,0.736335160374381,0.6811838154479696,0.8461107597072222,1.0018786207026131,1.0238364806806057,0.9105173545927772,0.9152456622545266,0.745829153791232,1.0372228164145583,1.0699539405331837,1.165476212633049,0.6646889081705186
0.0,0.6696441368629085,0.7053523173649348,0.6312517297235075,0.700581429213773,1.1391671613085117,0.7392387922340937,1.0054425458148468,0.7563927246508376,0.5051173711634671,0.9387012224022668,0.6559784478765606,0.5300017475170105,0.6701896692027273,0.8701296988991856,0.6077523740303366,0.6509422289801299,0.61478601174864,0.4725899199783514,0.9343331715581973,0.7339373075310452,0.7814851961892451,0.7574359296936539,0.7281792492587581,0.6324966568694741,0.7114738655017472,0.68522205215591,0.6847722036954978,0.6624196998662114,0.6367697497113416,0.6025515081943192,0.69404828334452,0.6155084230921266,0.7125263460427884,0.7025184446457008,0.6939383748956954,0.9583223104305256,0.754033567353101,0.6107817467472045,0.7852378792703969,0.5919003631128849
0.11111,0.7422412287197905,0.8911694868037535,0.5592359139646051,0.7938782659205623,0.7089389707420711,0.7609650395143546,0.9633948075616616,0.6791203938944675,0.9006473853332334,0.853259530402265,0.6416370505832535,0.5832653941079787,0.7706855939099068,0.8731534533095918,0.9892393275558209,0.9497344475991834,0.7932817182753972,0.8036206546366131,0.7752765843515211,0.6587530821589636,0.9211313210975464,0.8691456554987115,0.7862125292341003,0.8837495239187577,0.8911091623998422,0.8106701888297377,0.956107812493102,0.7728671898030409,0.827018271330604,0.6709814406528579,0.682867180197431,0.7799511120638944,0.7584049220132655,0.5051940861712314,0.7709953096895662,0.6622508741996385,0.8950077463653515,0.6015621625860025,0.6737365405395299,0.9243102253711072
0.77777,1.3313850815666748,1.500144067582351,1.508167412192177,1.2238517756718668,1.0156313595825601,1.148772837959936,1.246172749909485,1.249644058309365,2.0743894914988688,1.3203944080706043,1.2525038040493608,1.3752893146950298,1.3328383381575828,1.082744348331511,1.2235943867937882,1.3132068379587754,1.278163126638608,1.6402468682414246,1.5145352717963005,1.1752409311398813,1.0604979524180789,1.096171607672453,1.2926164515630483,1.4324847730688686,1.4263611799071703,1.2446219240893523,1.4397043565537082,1.043938960369843,1.1697827863109758,1.1319542623874992,0.9188785270553038,1.0110933755238245,1.4552105476025454,1.607948489126681,1.612996150532423,1.6268960996665827,1.2501718616026114,1.5041267927237982,1.463168902308976,1.2447243428510961
0.44444,1.137082896705773,1.091349328873737,1.0388489516255541,1.194212181833162,0.9400984363784155,0.7432255707750591,0.7645525609750726,0.9607255165797857,0.8117828800833221,0.818109326481709,0.8818823813911163,0.9002926844691734,1.0144669734402234,0.8723028909763112,0.9365537041887293,1.0156080543049464,0.7623289268055656,0.9524097733225211,0.9589818106378973,0.8602703684762089,0.6865430196034986,1.0467558781276807,0.8632542390691593,0.9675355107630877,1.182779297524378,0.7897569460725197,0.8978567837055856,1.1365668393211048,0.9701118548508203,1.2014008569287922,1.1899896176003704,1.043807135233582,0.8745675596504704,0.9868772947722655,1.1295819150831807,0.9489981430781285,1.0212536846532223,0.9064805673384502,0.9041579943348698,0.831654417141617
0.22222,0.6683731276970287,0.7217730742269572,0.7186245961870373,0.7309229444553034,0.7742912187831994,0.9457345353659357,0.8829009862370457,0.8870135536278236,0.908670278819143,0.7479824015548765,0.6650822338834205,0.5960647246905679,0.9554368083832534,1.0845728019701228,0.7491629994379205,0.7666391749574571,1.135389751950358,0.8819340736530309,0.884584036481547,0.773993304445832,0.7560805912971945,0.8838744764973856,0.7030191122456301,0.7573850342270543,0.710554076291354,0.7619145858689417,0.7619331000152286,0.7156247889933466,0.8967401193401269,0.9188668584726195,0.5812794027273673,0.7672904051389355,0.8413659983169912,0.8958655408975364,1.007879701480162,0.857374672995897,1.084193478394022,0.8044803928936326,0.7336790115811465,0.8635625719737753
0.55555,1.172521470457531,1.5947714707813025,1.2216363611175642,1.2455432297214295,1.0963351791368623,1.5476547362206552,1.175429678259579,0.7036018120820162,0.9773978662321414,1.3691410995699482,1.2231570860237804,1.2019745909073627,1.286348822915537,1.0834475671349548,1.0237621924797922,0.9388123285224161,1.0894033475154352,1.1855752889339204,1.076543995716787,0.8531818031883768,1.0870504861950787,0.9450642844917329,1.0313133956087734,0.9094997655407062,1.1633691276244988,1.0522240198463149,1.0068699042131093,1.205845025840106,0.9979233471200296,1.0512209057593112,1.1398389551504555,0.9080032988418942,0.7729563655567898,0.991352354832528,0.8760204800901354,1.11644253216549,1.3307028218537493,1.1174544887252165,0.9522942058425138,1.1843355987407684
0.88888,1.2771898234951748,0.9417364009380921,1.500534830470554,1.4998886139068524,1.3449609215271474,1.654634223455972,1.2293320829404153,1.5117902582416538,1.4421577641582621,1.602642734301117,1.822691356141295,1.437863683380596,1.8194403810157718,1.2104418989422803,1.380712386079838,1.5689845699685676,1.123328883616893,1.9015864150419073,1.3653732101403386,1.5314407181487413,1.6887249425890871,1.3489675585848877,1.1127818530936435,1.2103841126455153,1.382875895539067,1.5522419316958824,1.6500329654401427,1.2643823075507672,1.3420717303925451,1.5455009332283578,1.5228347513065505,1.081501784057137,1.4281085289487017,1.215354689448909,1.679356927576824,1.6835630747798598,1.0215775716823847,1.8160828029119687,1.3154547586336756,1.394413664425091
0.66666,0.9145627225195473,1.0808831835053052,1.0747142333206356,1.1582404912046,1.0268763756013664,1.0308650864250433,1.2180706672850983,1.278364558733699,1.2611677395936833,1.250385264189789,1.0716196997292315,0.9125592781601551,0.9078083097428986,0.9377066025314198,1.1875064463757699,0.930149989413747,1.3161259229740392,1.3567730226352606,1.0879977731412822,1.1138783501505163,1.4078831459204637,1.099485763095778,1.1349738265570934,1.0764562722474527,0.8685728601718545,1.17313914251368,1.5323546051040358,1.3068796743061277,1.0617736225668613,1.2579514195697432,1.3710109644954902,1.21715256393252,1.332871978927578,1.50149118402988,1.2834551684150513,1.0862985314634652,1.4810936880869514,0.9172691183487407,1.1009318367994658,1.2001295627807398
0.0,0.5638186339838072,0.6268835235575229,0.654363058643534,0.9162660015738894,0.7083465928409853,0.8141800381094887,0.6881151064376295,0.8235312523309539,0.7807051113741756,0.641991965796302,0.7396040825877739,0.5959990233699782,0.731817670799464,0.8307711515738466,0.5919603507839201,0.44159943573549343,0.5525875552913587,0.6035815117052014,0.5962666959832305,0.6584072619994554,0.9523240840141842,0.6868690100456494,0.8059449899587509,0.6219017785276718,0.5624851007194663,0.6959255873457376,0.5483194522566309,0.5659942572833058,0.6139796810449577,0.6137970680645004,0.6133892341604142,0.6590738262194327,0.8825498778645813,0.6811503737686863,0.5894883481205354,0.6854245021889354,0.8320864675596128,0.7227679591324065,0.559381397655854,0.7670208472248397
0.55555,0.9989231665112338,1.1906142307646665,1.1298114451992205,1.0928702811848057,0.9414109783180984,1.1259777007281537,1.11393768235273,0.9843966624186085,0.8117343132629115,1.0667580378635337,1.3359379824194002,0.8756256977811203,1.1130757584943844,1.0136728032249798,0.9922097839492803,1.1612527022240473,1.1087698036600018,1.0136963319547343,1.0508331686554524,1.2085772105550054,1.0611883960504844,1.0579368128995663,1.006995491612548,1.0266620505738986,0.9787043943143164,0.7145796254378365,0.7342921004314605,1.4119714910950134,1.1859203919696255,0.9988933566929734,0.7482189163107242,0.9232348410268205,0.9376889806540917,0.774783049432332,1.3425461815030812,0.9364865734363105,1.1126773200299678,1.1269602654396482,1.071497762751998,0.8663689883444002
0.11111,0.9212035035087464,0.7260671707077626,0.5509827744395491,0.6239822246879896,0.7541294181787799,0.6602684191949536,0.6006447549658372,0.8028045212273393,1.0490813276595674,0.9557186613879008,0.8468210431511838,0.7966064323096,0.6585014627805311,0.6646502686312418,0.6866174994241756,0.8531831106393366,0.8052513865832394,0.5209718009761405,0.7317538962841411,0.7828863926138873,0.8694800413676712,0.5736614891944268,0.7561003121276885,0.6196149032146379,0.7351401798207825,0.6790085104753523,0.7360093068496479,0.7578839778680064,0.5299865460149066,0.6417711265257737,0.7728592345385296,0.571020879201823,0.8164011958532318,0.6634199958392085,0.7789687702424543,0.6495628682918705,0.7306561375216764,0.568794149419071,0.6336237022261896,0.7825749384130378
0.22222,0.8812719579328724,0.9833738931030832,0.7885181867441335,1.0054360098337305,0.9566534203230397,1.0028315748094723,0.9459557592931315,0.6525134247947921,0.722117699781754,0.8404227599615088,0.8530342861833224,0.8082242778633251,0.919215027073124,0.733282130622847,0.8448741088964831,0.6505742172594963,0.77024250888666,0.832501500718639,1.0531649251639537,0.9082497112386981,0.8687690240693833,0.8935668254400254,0.824507242571488,0.7134830497248447,0.8369473188844885,0.6758443067541073,0.7272421389812384,0.806956148024568,1.04281578114905,0.7923700668022122,0.9378483915907613,0.8956968243264186,0.7710034575816306,0.747088289540797,0.8095432643223401,0.78040885310847,0.7776869567651562,0.9112726816185124,0.7842380614768069,0.9584527047385263
0.44444,0.9651776731097057,1.2688280946098283,0.7784195106595166,0.7639948676684176,1.025364842159143,1.1699501156736611,1.0144716404409817,0.9357418922294799,0.7246874823874642,0.8892433918412175,0.8679383836982448,0.8862276721057653,0.7740532373055317,1.4358579905828004,1.0655646368626344,0.9260390024230333,0.8538041604750081,1.1320345872404036,0.9929459630949843,0.9759351229522697,1.1694702693513428,1.0330998433595646,0.9910712604189963,1.1636704037410688,1.0926862801495565,0.9893475966623528,1.0204195877746955,0.9347138454237053,0.9819601786217814,0.9244154580491101,0.811582887894235,1.1649410452967268,1.062260105928927,0.8864608073520405,1.1384673742455564,1.0980344032564449,1.1111203256646571,0.9333216294438699,0.8701122983056826,0.8371640767596326
0.33333,0.9064783751417634,1.1971776646062573,0.9885675993048848,0.9076016861244215,0.7931177849332205,0.7988835071744669,0.9419182888799927,0.988530861277705,0.8920835259736418,0.9060209924732426,0.7952541842973626,0.9665168114084473,0.9734688770134856,0.9655078501483897,0.9397625168673193,0.9387760541148795,0.8965248161945619,1.020404837803984,0.9128511379575268,0.9416192323689884,0.8719832831673112,1.146989793741328,0.8148770341202003,0.957725640153153,0.60715971847421,1.4981940726450595,1.0034870878982178,0.6893894327889852,0.8035796655578771,0.8195578133922143,0.9053939287106909,0.987413078369772,0.9403328638915311,0.9958855320662151,1.1007796060102037,0.6754528357437944,1.481340083134972,1.0262550995046913,1.052785120909528,0.7431872414403208
0.77777,1.1345759294627973,1.2522560946220738,1.1920606729384318,1.2500488470488347,1.6368450096246396,1.7864293115668464,1.2055751360100648,1.3568088339258837,1.0243055648319255,1.349214040890131,1.1886358004813766,1.2482342864188487,1.2282813518176319,1.1015184274090188,1.5433963700909707,1.0933874864323787,1.6168603737822818,1.4900829788212213,1.2356505731180398,1.1617456779881046,1.1075191489090888,1.4913377774949,1.5278206113700046,1.5918132141402337,1.191574073789954,1.1863145733034834,1.2493638781462066,1.239996552246189,1.3045131037012303,1.6499649600232658,1.4538666102173865,1.4017849155406947,1.676328672203044,1.7076297738554391,1.2958970857479024,1.2434630446981556,1.1424778128615953,1.4063971696815827,1.3205939121190071,1.0994675635129545
0.66666,1.446264289088576,1.4425659702333085,1.9971003034838277,1.3327549429642789,1.031737603585532,1.2027822030503323,1.0875344360152546,1.1317272375630638,1.1059635681603939,1.1741980406207624,1.1476191359290138,1.2057309589737912,1.3272526466027752,1.1395723945301068,1.762630660292151,1.3148492755739458,0.8659071272737953,1.2129216107242875,0.9771471494746089,1.2587775112563668,1.2175231557854977,1.3636885455347396,1.3169270897529688,1.351703247706256,1.3009274403144369,0.9941640143498531,1.8025868137436032,1.3048396568497092,1.6496469002377443,1.2025828208132452,1.2578324797385714,1.1759108780143628,1.075622301878029,1.0714116200399746,0.9410577876195052,1.0932049355394697,1.2083157270882123,1.085058823114369,1.2122469666481286,1.1327837568536776
0.11111,0.726278306288551,0.8998043525049528,1.0284340107217176,1.0666597801951874,0.6688597552935097,0.8249710423695984,0.6436113698538491,0.8208287887124944,0.7397060071957273,0.8042222070750457,0.9359996152656541,0.9048796588367644,0.5845494707932826,0.7191701178044564,0.6828109170384548,0.8645505603992675,0.7383919552115163,0.8704394264834128,0.9471433542369678,1.2380251172859607,0.8531075533250612,0.7028003191812607,0.7318445874993862,0.6241406097542159,0.5678283897845687,0.8041551963473206,0.932311554923147,0.8067913966504964,0.758499764703156,0.6280625786395142,0.6121739378706837,0.8547261210936192,0.8057804666595149,0.7528954089473826,0.7795345511348418,0.5917185487401362,0.8311970979288176,0.6997667185474089,0.8194774593150006,0.6828124547540175
0.88888,1.0812534881132234,1.4773183581082712,1.407535252244431,1.8915560499115254,1.6331971759758197,1.1980357973880937,1.1605768771413325,1.2966455389160179,1.4037378252953308,1.7773368506821083,1.6466535220953336,1.4164343736840819,1.338677913080197,1.3833828175042748,0.998414366898213,1.2935277738515834,1.3395543324827064,1.9560153557723143,1.1221638414464559,1.2779644739807638,1.14182390689149,1.2564260545570665,1.3542831901784966,1.5666499642533493,1.423922796252058,1.6590817106351476,1.3343878599234043,1.4772721582081616,1.3024169277104753,1.3887245397356942,1.513216618763649,1.7261203196648651,1.6643593019666798,1.5780926100715456,1.5562953580362626,1.517056979481198,1.5520568450471794,1.3569180227560647,1.2870230320600162,1.43465688984089
0.22222,0.8770496797421493,0.8336590781650016,1.1109133170306866,1.0596587281450627,0.8517684907224541,0.8767429018007047,1.0364174872908956,0.8964775256331334,0.9004008072897722,0.7408465894448325,0.8788061323533953,0.8514290554013626,0.815980137419868,0.8382179094805383,0.9123899665496441,0.6515894499366714,0.6945483397571452,0.8063214359023113,0.8758517555673483,0.7536676361280429,0.7241081160672358,0.9849979465023645,0.9992392662948827,0.8641128880804363,0.7001015980906534,0.9173620498919799,0.8044119494985452,0.7709760801026195,0.6988506293146175,0.7804512007736397,0.7313061261805881,0.889609536235161,0.7816911121229638,0.7929799711608017,0.67660879690509,0.6864262918424029,0.8502705620640284,0.8573295824931931,0.8056385720555356,0.6447533622866496
0.33333,0.9882908334557,0.8555746157482002,0.7867848102438181,1.0722697726517827,0.9619233955994186,0.8997551938940328,0.9392512930894603,0.8392680215718322,0.7489485693917427,0.7702314666214122,0.7346084896765489,0.8697987238753789,1.066502215304003,0.8459946896019205,0.9066184052164703,0.899472511589402,0.7841561978958806,0.7333917368787733,0.7940539338786993,0.9194836569676095,0.9180988417817378,0.8921960250574519,0.5943973440820458,0.7634248128983455,1.1642990015626618,1.141170785773918,1.0906006028088824,1.1798228303906997,0.8090915388905826,0.9694107609330219,1.1327021251974483,1.0423513706972705,1.0335210049291936,1.1015985647923932,0.7796457277223416,0.76919385959779,0.8661153278594094,0.868765815502571,0.6970739292284494,0.9010642097829042
0.55555,0.8593149333339589,0.9987043398935583,1.352195865657422,1.0542822463438415,1.2172729143060774,1.5659283130849386,0.9873819411675224,1.0871662591227345,1.0199867881838116,0.8274835150833035,1.056855009014365,1.0846240630624875,1.0203830105472818,1.091973873910162,1.2965692338796668,1.277541131557736,1.0179256038967424,1.290800744972443,1.364093100569745,0.8687988736991648,0.8894432826009943,0.9580685395049047,1.175863275307153,1.4798082513487882,1.2328387710439108,1.1858500857990049,0.9865373016362158,1.1075550359092377,1.17108763934825,1.2754754552318286,1.048050502352381,1.4702428079697043,1.0406545780344738,1.1029771149493612,1.2662062214230212,1.1130930955496667,1.2049800853983137,0.9986811013543914,0.9783179955385167,0.9058640417673066
0.0,0.6084881247429564,0.7299160509655266,0.5685075694352713,0.5810079368316522,0.5768737607096134,0.6055603542812698,0.5572511048870588,0.6820263356881744,0.7744875657461806,0.5525731497799033,0.5995092842987003,0.8976982815491391,0.8809208298353678,0.6815037449607537,0.5013117659405114,0.6127926031065868,0.8742841294931524,0.7644733591840595,0.8496051596391806,0.602923982815868,0.6273945028114162,0.8319322875524895,0.8374859026894028,0.9090426386167894,0.9557292945933367,0.9052904652375197,0.6585461738311442,0.7204806170501739,0.8163849160632619,0.686607769503207,0.5729043240642673,0.7905715696436575,0.7633669059056374,0.7351816770426884,0.6415892161524784,0.6732426267932121,0.6502151866573501,0.7682413201258197,0.5627109024404223,0.6151855298733494
0.77777,1.1061053281598785,1.285226905328087,1.172397358173254,1.8751632900740887,1.6906472068395455,1.1616494402420277,1.3884628636118437,1.143135940659914,1.125190968829111,1.2519061393901203,1.2797508445613421,1.2076870813525211,1.349647746412959,1.394961745677675,1.0289877810949801,1.133416740906143,1.5349465063449064,1.2963127665826617,1.1886657189769192,1.404204161945942,1.4251878508151334,1.1369660686535488,1.245296896459157,1.3515120247771948,1.5530514151821462,0.9847656986901372,1.6333306838783106,1.853711103365299,1.5643860926796647,1.5079965227551027,1.0554944451400814,1.3737004495565583,1.4413928349758427,1.0505492227384985,1.4137476159465987,1.432959060482889,1.1155989023896893,1.3370249540811319,1.3032131075684874,1.4059054647674905
0.66666,0.9496450957014232,1.515724686899931,1.1255409912808334,1.0619780135000711,1.0990335122831105,1.3829769185010943,1.2058841220082257,1.0653372364583085,1.0373636533299047,1.4649342049941334,1.1958495242722302,1.1375245445129458,0.8358771336954955,1.1204186040023005,0.9159276716846468,0.9480886720882199,1.287561504130229,1.044975261348364,0.9804891690492085,1.0437674568189526,1.1685652575628578,1.1574893353102635,1.000117190431705,1.0803439250051148,1.1510700010757635,1.1197872738412282,1.1972175404965988,1.039378652749566,0.9541317872876348,1.315208964871376,1.468463076941517,1.0211452679496102,1.1698357672540722,1.2706420147386595,0.8768293293376792,1.0867875095628732,0.8662756931618096,1.100984170402743,1.2244641919846624,1.2328877190849232
0.44444,1.117627030825895,1.0025506910492452,0.8861293054346026,0.9867641124369146,0.6958343928012601,0.8904574421462843,1.1982755493041828,1.3277513795998295,1.261388054644862,0.8550397451417913,0.8170356590231169,0.9470738064228637,0.7443454758460024,0.9538252942027272,0.7227282970634243,0.8886052210233447,0.8104926119320899,1.0520281423869418,1.6387894646927488,1.238584217503709,0.8465741114361763,0.781059125352848,0.7481816652498564,0.9343249092149181,1.160569027103172,0.9492904072466418,1.0231673270030284,0.9621968541929286,1.1085480737886084,1.1882166203805884,1.0089883790230438,0.8709302673614545,1.0438907775000745,0.9043634087346236,0.8783597810349475,0.8008832720054875,0.9067374274005419,1.1834982251260568,1.1281767819469861,1.2994116219563703
0.88888,1.5205027565074187,1.2194034320808285,1.4312571146358593,1.4239819975249157,1.4027413661104111,1.283058633725474,1.634307808904195,1.2652650639401668,1.7434540441922173,1.4780019183245299,1.117538159460492,1.23439377641736,1.753444244087489,1.6372979031976902,1.5187535391988582,1.3744456261619362,1.614494441716347,1.3799737807302679,1.0811367226754105,1.6220463762123045,1.344883235765567,1.2574550636042632,1.3647682144040818,1.5558690870176097,1.6401300908266985,1.5106188637864169,2.010494292733588,1.3664100085829822,1.1187390176041083,1.3354897731118454,1.2681222635000249,1.2298646016292671,1.3560491021966863,1.40350351794733,1.4641556887109495,1.6249901714502715,1.231173777848941,1.2236160643091154,1.282878765644758,1.7874499526436323
